time (time)	v(d) (voltage)	v(clk) (voltage)	v(s) (voltage)	v(r) (voltage)	v(q) (voltage)
0.000000e+00	0.000000e+00	0.000000e+00	0.000000e+00	0.000000e+00	8.499880e-01
1.000000e-12	0.000000e+00	1.700000e-03	0.000000e+00	0.000000e+00	8.500175e-01
2.000000e-12	0.000000e+00	3.400000e-03	0.000000e+00	0.000000e+00	8.500449e-01
4.000000e-12	0.000000e+00	6.800000e-03	0.000000e+00	0.000000e+00	8.500954e-01
8.000000e-12	0.000000e+00	1.360000e-02	0.000000e+00	0.000000e+00	8.501654e-01
1.600000e-11	0.000000e+00	2.720000e-02	0.000000e+00	0.000000e+00	8.502246e-01
3.200000e-11	0.000000e+00	5.440000e-02	0.000000e+00	0.000000e+00	8.501978e-01
6.400000e-11	0.000000e+00	1.088000e-01	0.000000e+00	0.000000e+00	8.500768e-01
1.280000e-10	0.000000e+00	2.176000e-01	0.000000e+00	0.000000e+00	8.499803e-01
2.560000e-10	0.000000e+00	4.352000e-01	0.000000e+00	0.000000e+00	8.499673e-01
4.126314e-10	0.000000e+00	7.014733e-01	0.000000e+00	0.000000e+00	8.498462e-01
5.000000e-10	0.000000e+00	8.500000e-01	0.000000e+00	0.000000e+00	8.503725e-01
5.164303e-10	0.000000e+00	8.500000e-01	0.000000e+00	0.000000e+00	8.501983e-01
5.492910e-10	0.000000e+00	8.500000e-01	0.000000e+00	0.000000e+00	8.500158e-01
6.150124e-10	0.000000e+00	8.500000e-01	0.000000e+00	0.000000e+00	8.500089e-01
7.464552e-10	0.000000e+00	8.500000e-01	0.000000e+00	0.000000e+00	8.499975e-01
1.009341e-09	0.000000e+00	8.500000e-01	0.000000e+00	0.000000e+00	8.499911e-01
1.535112e-09	0.000000e+00	8.500000e-01	0.000000e+00	0.000000e+00	8.499952e-01
2.586654e-09	0.000000e+00	8.500000e-01	0.000000e+00	0.000000e+00	8.499858e-01
4.689739e-09	0.000000e+00	8.500000e-01	0.000000e+00	0.000000e+00	8.499925e-01
8.895908e-09	0.000000e+00	8.500000e-01	0.000000e+00	0.000000e+00	8.499847e-01
1.050000e-08	0.000000e+00	8.500000e-01	0.000000e+00	0.000000e+00	8.499927e-01
1.055000e-08	0.000000e+00	7.650000e-01	0.000000e+00	0.000000e+00	8.499678e-01
1.065000e-08	0.000000e+00	5.950000e-01	0.000000e+00	0.000000e+00	8.499850e-01
1.085000e-08	0.000000e+00	2.550000e-01	0.000000e+00	0.000000e+00	8.500667e-01
1.100000e-08	0.000000e+00	0.000000e+00	0.000000e+00	0.000000e+00	8.499768e-01
1.102216e-08	0.000000e+00	0.000000e+00	0.000000e+00	0.000000e+00	8.499891e-01
1.106649e-08	0.000000e+00	0.000000e+00	0.000000e+00	0.000000e+00	8.499373e-01
1.115515e-08	0.000000e+00	0.000000e+00	0.000000e+00	0.000000e+00	8.499701e-01
1.132366e-08	0.000000e+00	0.000000e+00	0.000000e+00	0.000000e+00	8.500433e-01
1.148636e-08	0.000000e+00	0.000000e+00	0.000000e+00	0.000000e+00	8.499748e-01
1.180183e-08	0.000000e+00	0.000000e+00	0.000000e+00	0.000000e+00	8.500120e-01
1.243275e-08	0.000000e+00	0.000000e+00	0.000000e+00	0.000000e+00	8.499744e-01
1.369461e-08	0.000000e+00	0.000000e+00	0.000000e+00	0.000000e+00	8.500044e-01
1.621832e-08	0.000000e+00	0.000000e+00	0.000000e+00	0.000000e+00	8.499736e-01
2.000000e-08	0.000000e+00	0.000000e+00	0.000000e+00	0.000000e+00	8.500029e-01
2.005000e-08	0.000000e+00	8.500000e-02	8.500000e-02	0.000000e+00	8.603718e-01
2.015000e-08	0.000000e+00	2.550000e-01	2.550000e-01	0.000000e+00	8.661615e-01
2.028777e-08	0.000000e+00	4.892098e-01	4.892098e-01	0.000000e+00	8.388740e-01
2.044459e-08	0.000000e+00	7.558039e-01	7.558039e-01	0.000000e+00	8.542446e-01
2.050000e-08	0.000000e+00	8.500000e-01	8.500000e-01	0.000000e+00	8.545667e-01
2.051442e-08	0.000000e+00	8.500000e-01	8.500000e-01	0.000000e+00	8.525206e-01
2.054327e-08	0.000000e+00	8.500000e-01	8.500000e-01	0.000000e+00	8.503441e-01
2.058645e-08	0.000000e+00	8.500000e-01	8.500000e-01	0.000000e+00	8.500101e-01
2.063120e-08	0.000000e+00	8.500000e-01	8.500000e-01	0.000000e+00	8.499622e-01
2.069361e-08	0.000000e+00	8.500000e-01	8.500000e-01	0.000000e+00	8.499830e-01
2.080543e-08	0.000000e+00	8.500000e-01	8.500000e-01	0.000000e+00	8.499737e-01
2.090624e-08	0.000000e+00	8.500000e-01	8.500000e-01	0.000000e+00	8.499886e-01
2.110786e-08	0.000000e+00	8.500000e-01	8.500000e-01	0.000000e+00	8.499855e-01
2.151110e-08	0.000000e+00	8.500000e-01	8.500000e-01	0.000000e+00	8.499899e-01
2.231758e-08	0.000000e+00	8.500000e-01	8.500000e-01	0.000000e+00	8.499863e-01
2.393054e-08	0.000000e+00	8.500000e-01	8.500000e-01	0.000000e+00	8.499897e-01
2.500000e-08	0.000000e+00	8.500000e-01	8.500000e-01	0.000000e+00	8.499864e-01
2.505000e-08	8.500000e-02	8.500000e-01	8.500000e-01	0.000000e+00	8.500240e-01
2.515000e-08	2.550000e-01	8.500000e-01	8.500000e-01	0.000000e+00	8.500358e-01
2.535000e-08	5.950000e-01	8.500000e-01	8.500000e-01	0.000000e+00	8.500420e-01
2.550000e-08	8.500000e-01	8.500000e-01	8.500000e-01	0.000000e+00	8.499544e-01
2.552024e-08	8.500000e-01	8.500000e-01	8.500000e-01	0.000000e+00	8.498935e-01
2.556071e-08	8.500000e-01	8.500000e-01	8.500000e-01	0.000000e+00	8.498929e-01
2.562166e-08	8.500000e-01	8.500000e-01	8.500000e-01	0.000000e+00	8.500416e-01
2.568539e-08	8.500000e-01	8.500000e-01	8.500000e-01	0.000000e+00	8.499625e-01
2.575440e-08	8.500000e-01	8.500000e-01	8.500000e-01	0.000000e+00	8.500125e-01
2.583683e-08	8.500000e-01	8.500000e-01	8.500000e-01	0.000000e+00	8.499978e-01
2.600064e-08	8.500000e-01	8.500000e-01	8.500000e-01	0.000000e+00	8.499919e-01
2.621814e-08	8.500000e-01	8.500000e-01	8.500000e-01	0.000000e+00	8.499982e-01
2.665313e-08	8.500000e-01	8.500000e-01	8.500000e-01	0.000000e+00	8.499909e-01
2.752312e-08	8.500000e-01	8.500000e-01	8.500000e-01	0.000000e+00	8.499985e-01
2.926310e-08	8.500000e-01	8.500000e-01	8.500000e-01	0.000000e+00	8.499909e-01
3.050000e-08	8.500000e-01	8.500000e-01	8.500000e-01	0.000000e+00	8.499985e-01
3.055000e-08	8.500000e-01	7.650000e-01	8.500000e-01	0.000000e+00	8.499597e-01
3.065000e-08	8.500000e-01	5.950000e-01	8.500000e-01	0.000000e+00	8.499790e-01
3.085000e-08	8.500000e-01	2.550000e-01	8.500000e-01	0.000000e+00	8.500827e-01
3.100000e-08	8.500000e-01	0.000000e+00	8.500000e-01	0.000000e+00	8.499461e-01
3.102219e-08	8.500000e-01	0.000000e+00	8.500000e-01	0.000000e+00	8.499791e-01
3.106657e-08	8.500000e-01	0.000000e+00	8.500000e-01	0.000000e+00	8.499064e-01
3.115533e-08	8.500000e-01	0.000000e+00	8.500000e-01	0.000000e+00	8.499477e-01
3.132382e-08	8.500000e-01	0.000000e+00	8.500000e-01	0.000000e+00	8.500574e-01
3.148655e-08	8.500000e-01	0.000000e+00	8.500000e-01	0.000000e+00	8.499584e-01
3.180229e-08	8.500000e-01	0.000000e+00	8.500000e-01	0.000000e+00	8.500232e-01
3.243378e-08	8.500000e-01	0.000000e+00	8.500000e-01	0.000000e+00	8.499692e-01
3.369675e-08	8.500000e-01	0.000000e+00	8.500000e-01	0.000000e+00	8.500187e-01
3.622268e-08	8.500000e-01	0.000000e+00	8.500000e-01	0.000000e+00	8.499713e-01
4.000000e-08	8.500000e-01	0.000000e+00	8.500000e-01	0.000000e+00	8.500176e-01
4.005000e-08	8.500000e-01	8.500000e-02	8.500000e-01	0.000000e+00	8.501163e-01
4.015000e-08	8.500000e-01	2.550000e-01	8.500000e-01	0.000000e+00	8.499336e-01
4.028908e-08	8.500000e-01	4.914275e-01	8.500000e-01	0.000000e+00	8.498624e-01
4.047058e-08	8.500000e-01	7.999862e-01	8.500000e-01	0.000000e+00	8.500412e-01
4.050000e-08	8.500000e-01	8.500000e-01	8.500000e-01	0.000000e+00	8.503155e-01
4.051751e-08	8.500000e-01	8.500000e-01	8.500000e-01	0.000000e+00	8.502005e-01
4.055254e-08	8.500000e-01	8.500000e-01	8.500000e-01	0.000000e+00	8.500835e-01
4.062258e-08	8.500000e-01	8.500000e-01	8.500000e-01	0.000000e+00	8.499881e-01
4.076268e-08	8.500000e-01	8.500000e-01	8.500000e-01	0.000000e+00	8.499589e-01
4.099495e-08	8.500000e-01	8.500000e-01	8.500000e-01	0.000000e+00	8.500146e-01
4.145949e-08	8.500000e-01	8.500000e-01	8.500000e-01	0.000000e+00	8.499772e-01
4.238858e-08	8.500000e-01	8.500000e-01	8.500000e-01	0.000000e+00	8.500110e-01
4.424675e-08	8.500000e-01	8.500000e-01	8.500000e-01	0.000000e+00	8.499789e-01
4.550000e-08	8.500000e-01	8.500000e-01	8.500000e-01	0.000000e+00	8.500097e-01
4.555000e-08	7.650000e-01	8.500000e-01	8.500000e-01	0.000000e+00	8.498524e-01
4.565000e-08	5.950000e-01	8.500000e-01	8.500000e-01	0.000000e+00	8.499704e-01
4.585000e-08	2.550000e-01	8.500000e-01	8.500000e-01	0.000000e+00	8.499955e-01
4.600000e-08	3.663736e-15	8.500000e-01	8.500000e-01	0.000000e+00	8.500621e-01
4.601962e-08	0.000000e+00	8.500000e-01	8.500000e-01	0.000000e+00	8.500591e-01
4.605886e-08	0.000000e+00	8.500000e-01	8.500000e-01	0.000000e+00	8.500425e-01
4.611194e-08	0.000000e+00	8.500000e-01	8.500000e-01	0.000000e+00	8.499570e-01
4.616787e-08	0.000000e+00	8.500000e-01	8.500000e-01	0.000000e+00	8.500050e-01
4.623328e-08	0.000000e+00	8.500000e-01	8.500000e-01	0.000000e+00	8.499880e-01
4.632987e-08	0.000000e+00	8.500000e-01	8.500000e-01	0.000000e+00	8.499872e-01
4.649443e-08	0.000000e+00	8.500000e-01	8.500000e-01	0.000000e+00	8.499885e-01
4.682353e-08	0.000000e+00	8.500000e-01	8.500000e-01	0.000000e+00	8.499874e-01
4.748175e-08	0.000000e+00	8.500000e-01	8.500000e-01	0.000000e+00	8.499887e-01
4.879819e-08	0.000000e+00	8.500000e-01	8.500000e-01	0.000000e+00	8.499873e-01
5.050000e-08	0.000000e+00	8.500000e-01	8.500000e-01	0.000000e+00	8.499887e-01
5.055000e-08	0.000000e+00	7.650000e-01	8.500000e-01	0.000000e+00	8.499529e-01
5.065000e-08	0.000000e+00	5.950000e-01	8.500000e-01	0.000000e+00	8.499734e-01
5.085000e-08	0.000000e+00	2.550000e-01	8.500000e-01	0.000000e+00	8.500912e-01
5.100000e-08	0.000000e+00	1.221245e-14	8.500000e-01	0.000000e+00	8.498815e-01
5.102061e-08	0.000000e+00	0.000000e+00	8.500000e-01	0.000000e+00	8.499509e-01
5.106183e-08	0.000000e+00	0.000000e+00	8.500000e-01	0.000000e+00	8.499236e-01
5.112549e-08	0.000000e+00	0.000000e+00	8.500000e-01	0.000000e+00	8.499369e-01
5.119108e-08	0.000000e+00	0.000000e+00	8.500000e-01	0.000000e+00	8.500104e-01
5.127866e-08	0.000000e+00	0.000000e+00	8.500000e-01	0.000000e+00	8.500077e-01
5.138880e-08	0.000000e+00	0.000000e+00	8.500000e-01	0.000000e+00	8.499871e-01
5.150253e-08	0.000000e+00	0.000000e+00	8.500000e-01	0.000000e+00	8.499885e-01
5.172999e-08	0.000000e+00	0.000000e+00	8.500000e-01	0.000000e+00	8.499884e-01
5.218492e-08	0.000000e+00	0.000000e+00	8.500000e-01	0.000000e+00	8.499874e-01
5.309476e-08	0.000000e+00	0.000000e+00	8.500000e-01	0.000000e+00	8.499887e-01
5.491446e-08	0.000000e+00	0.000000e+00	8.500000e-01	0.000000e+00	8.499873e-01
5.855384e-08	0.000000e+00	0.000000e+00	8.500000e-01	0.000000e+00	8.499887e-01
6.000000e-08	0.000000e+00	0.000000e+00	8.500000e-01	0.000000e+00	8.499873e-01
6.005000e-08	0.000000e+00	8.500000e-02	8.500000e-01	0.000000e+00	8.501040e-01
6.015000e-08	0.000000e+00	2.550000e-01	8.500000e-01	0.000000e+00	8.498702e-01
6.029272e-08	0.000000e+00	4.976269e-01	8.500000e-01	0.000000e+00	8.491913e-01
6.047272e-08	0.000000e+00	8.036317e-01	8.500000e-01	0.000000e+00	8.570465e-01
6.050000e-08	0.000000e+00	8.500000e-01	8.500000e-01	0.000000e+00	8.411988e-01
6.051673e-08	0.000000e+00	8.500000e-01	8.500000e-01	0.000000e+00	8.059307e-01
6.055020e-08	0.000000e+00	8.500000e-01	8.500000e-01	0.000000e+00	5.473212e-01
6.061560e-08	0.000000e+00	8.500000e-01	8.500000e-01	0.000000e+00	4.751050e-02
6.069034e-08	0.000000e+00	8.500000e-01	8.500000e-01	0.000000e+00	-5.013321e-03
6.076923e-08	0.000000e+00	8.500000e-01	8.500000e-01	0.000000e+00	7.072224e-03
6.090674e-08	0.000000e+00	8.500000e-01	8.500000e-01	0.000000e+00	-4.233157e-03
6.104879e-08	0.000000e+00	8.500000e-01	8.500000e-01	0.000000e+00	3.249756e-03
6.131452e-08	0.000000e+00	8.500000e-01	8.500000e-01	0.000000e+00	-2.817641e-03
6.175271e-08	0.000000e+00	8.500000e-01	8.500000e-01	0.000000e+00	2.596599e-03
6.259723e-08	0.000000e+00	8.500000e-01	8.500000e-01	0.000000e+00	-2.480759e-03
6.418230e-08	0.000000e+00	8.500000e-01	8.500000e-01	0.000000e+00	2.428607e-03
6.500000e-08	0.000000e+00	8.500000e-01	8.500000e-01	0.000000e+00	-2.317225e-03
6.505000e-08	8.500000e-02	8.500000e-01	8.500000e-01	0.000000e+00	-2.914006e-04
6.515000e-08	2.550000e-01	8.500000e-01	8.500000e-01	0.000000e+00	2.406667e-04
6.535000e-08	5.950000e-01	8.500000e-01	8.500000e-01	0.000000e+00	-1.507371e-04
6.550000e-08	8.500000e-01	8.500000e-01	8.500000e-01	0.000000e+00	1.143100e-04
6.552024e-08	8.500000e-01	8.500000e-01	8.500000e-01	0.000000e+00	-2.849212e-05
6.556071e-08	8.500000e-01	8.500000e-01	8.500000e-01	0.000000e+00	-6.359362e-05
6.562152e-08	8.500000e-01	8.500000e-01	8.500000e-01	0.000000e+00	3.400895e-05
6.568514e-08	8.500000e-01	8.500000e-01	8.500000e-01	0.000000e+00	-3.754826e-05
6.575409e-08	8.500000e-01	8.500000e-01	8.500000e-01	0.000000e+00	2.556427e-05
6.583650e-08	8.500000e-01	8.500000e-01	8.500000e-01	0.000000e+00	-9.724953e-06
6.600024e-08	8.500000e-01	8.500000e-01	8.500000e-01	0.000000e+00	1.285522e-05
6.621844e-08	8.500000e-01	8.500000e-01	8.500000e-01	0.000000e+00	-5.581411e-06
6.665482e-08	8.500000e-01	8.500000e-01	8.500000e-01	0.000000e+00	1.122911e-05
6.752759e-08	8.500000e-01	8.500000e-01	8.500000e-01	0.000000e+00	-3.966163e-06
6.927313e-08	8.500000e-01	8.500000e-01	8.500000e-01	0.000000e+00	1.049500e-05
7.050000e-08	8.500000e-01	8.500000e-01	8.500000e-01	0.000000e+00	-3.411498e-06
7.055000e-08	8.500000e-01	7.650000e-01	8.500000e-01	0.000000e+00	-4.260249e-05
7.065000e-08	8.500000e-01	5.950000e-01	8.500000e-01	0.000000e+00	3.229314e-05
7.085000e-08	8.500000e-01	2.550000e-01	8.500000e-01	0.000000e+00	1.747778e-05
7.100000e-08	8.500000e-01	1.221245e-14	8.500000e-01	0.000000e+00	1.139795e-04
7.102178e-08	8.500000e-01	0.000000e+00	8.500000e-01	0.000000e+00	-6.428893e-05
7.106534e-08	8.500000e-01	0.000000e+00	8.500000e-01	0.000000e+00	-2.236824e-04
7.115245e-08	8.500000e-01	0.000000e+00	8.500000e-01	0.000000e+00	3.590528e-05
7.122800e-08	8.500000e-01	0.000000e+00	8.500000e-01	0.000000e+00	4.836761e-05
7.130650e-08	8.500000e-01	0.000000e+00	8.500000e-01	0.000000e+00	-1.081795e-05
7.138976e-08	8.500000e-01	0.000000e+00	8.500000e-01	0.000000e+00	3.022011e-05
7.148845e-08	8.500000e-01	0.000000e+00	8.500000e-01	0.000000e+00	-1.509813e-06
7.168008e-08	8.500000e-01	0.000000e+00	8.500000e-01	0.000000e+00	7.054497e-06
7.193952e-08	8.500000e-01	0.000000e+00	8.500000e-01	0.000000e+00	1.341654e-06
7.245841e-08	8.500000e-01	0.000000e+00	8.500000e-01	0.000000e+00	4.725197e-06
7.349619e-08	8.500000e-01	0.000000e+00	8.500000e-01	0.000000e+00	2.356177e-06
7.557175e-08	8.500000e-01	0.000000e+00	8.500000e-01	0.000000e+00	4.256382e-06
7.972287e-08	8.500000e-01	0.000000e+00	8.500000e-01	0.000000e+00	2.580096e-06
8.000000e-08	8.500000e-01	0.000000e+00	8.500000e-01	0.000000e+00	3.203431e-06
8.005000e-08	8.500000e-01	8.500000e-02	8.500000e-01	0.000000e+00	3.039205e-05
8.015000e-08	8.500000e-01	2.550000e-01	8.500000e-01	0.000000e+00	3.275112e-05
8.029520e-08	8.500000e-01	5.018451e-01	8.500000e-01	0.000000e+00	9.464697e-05
8.047627e-08	8.500000e-01	8.096644e-01	8.500000e-01	0.000000e+00	-2.943765e-03
8.050000e-08	8.500000e-01	8.500000e-01	8.500000e-01	0.000000e+00	-6.864762e-03
8.051593e-08	8.500000e-01	8.500000e-01	8.229228e-01	0.000000e+00	-1.156715e-02
8.054778e-08	8.500000e-01	8.500000e-01	7.687683e-01	0.000000e+00	-1.704161e-02
8.061149e-08	8.500000e-01	8.500000e-01	6.604594e-01	0.000000e+00	4.696232e-02
8.068836e-08	8.500000e-01	8.500000e-01	5.297805e-01	0.000000e+00	6.876368e-01
8.077572e-08	8.500000e-01	8.500000e-01	3.812777e-01	0.000000e+00	8.418117e-01
8.089083e-08	8.500000e-01	8.500000e-01	1.855905e-01	0.000000e+00	8.500648e-01
8.100000e-08	8.500000e-01	8.500000e-01	0.000000e+00	0.000000e+00	8.503790e-01
8.101225e-08	8.500000e-01	8.500000e-01	0.000000e+00	0.000000e+00	8.516423e-01
8.103676e-08	8.500000e-01	8.500000e-01	0.000000e+00	0.000000e+00	8.529231e-01
8.108578e-08	8.500000e-01	8.500000e-01	0.000000e+00	0.000000e+00	8.523232e-01
8.118382e-08	8.500000e-01	8.500000e-01	0.000000e+00	0.000000e+00	8.506730e-01
8.132672e-08	8.500000e-01	8.500000e-01	0.000000e+00	0.000000e+00	8.500761e-01
8.160486e-08	8.500000e-01	8.500000e-01	0.000000e+00	0.000000e+00	8.499762e-01
8.216114e-08	8.500000e-01	8.500000e-01	0.000000e+00	0.000000e+00	8.500053e-01
8.327370e-08	8.500000e-01	8.500000e-01	0.000000e+00	0.000000e+00	8.499862e-01
8.549881e-08	8.500000e-01	8.500000e-01	0.000000e+00	0.000000e+00	8.500022e-01
8.550000e-08	8.500000e-01	8.500000e-01	0.000000e+00	0.000000e+00	8.500011e-01
8.550238e-08	8.459611e-01	8.500000e-01	0.000000e+00	0.000000e+00	8.499873e-01
8.550713e-08	8.378834e-01	8.500000e-01	0.000000e+00	0.000000e+00	8.499645e-01
8.551663e-08	8.217278e-01	8.500000e-01	0.000000e+00	0.000000e+00	8.499389e-01
8.553564e-08	7.894168e-01	8.500000e-01	0.000000e+00	0.000000e+00	8.499186e-01
8.557365e-08	7.247947e-01	8.500000e-01	0.000000e+00	0.000000e+00	8.499165e-01
8.564968e-08	5.955506e-01	8.500000e-01	0.000000e+00	0.000000e+00	8.499476e-01
8.580173e-08	3.370623e-01	8.500000e-01	0.000000e+00	0.000000e+00	8.499761e-01
8.600000e-08	2.053913e-14	8.500000e-01	0.000000e+00	0.000000e+00	8.499771e-01
8.603041e-08	0.000000e+00	8.500000e-01	0.000000e+00	0.000000e+00	8.500066e-01
8.609123e-08	0.000000e+00	8.500000e-01	0.000000e+00	0.000000e+00	8.500359e-01
8.621287e-08	0.000000e+00	8.500000e-01	0.000000e+00	0.000000e+00	8.499940e-01
8.645616e-08	0.000000e+00	8.500000e-01	0.000000e+00	0.000000e+00	8.499951e-01
8.694272e-08	0.000000e+00	8.500000e-01	0.000000e+00	0.000000e+00	8.499840e-01
8.791585e-08	0.000000e+00	8.500000e-01	0.000000e+00	0.000000e+00	8.499912e-01
8.986212e-08	0.000000e+00	8.500000e-01	0.000000e+00	0.000000e+00	8.499845e-01
9.050000e-08	0.000000e+00	8.500000e-01	0.000000e+00	0.000000e+00	8.499888e-01
9.055000e-08	0.000000e+00	7.650000e-01	0.000000e+00	0.000000e+00	8.499579e-01
9.065000e-08	0.000000e+00	5.950000e-01	0.000000e+00	0.000000e+00	8.499650e-01
9.085000e-08	0.000000e+00	2.550000e-01	0.000000e+00	0.000000e+00	8.500468e-01
9.100000e-08	0.000000e+00	1.221245e-14	0.000000e+00	0.000000e+00	8.499614e-01
9.102217e-08	0.000000e+00	0.000000e+00	0.000000e+00	0.000000e+00	8.499693e-01
9.106652e-08	0.000000e+00	0.000000e+00	0.000000e+00	0.000000e+00	8.499018e-01
9.115522e-08	0.000000e+00	0.000000e+00	0.000000e+00	0.000000e+00	8.499366e-01
9.132373e-08	0.000000e+00	0.000000e+00	0.000000e+00	0.000000e+00	8.500259e-01
9.148646e-08	0.000000e+00	0.000000e+00	0.000000e+00	0.000000e+00	8.499595e-01
9.180202e-08	0.000000e+00	0.000000e+00	0.000000e+00	0.000000e+00	8.500031e-01
9.243313e-08	0.000000e+00	0.000000e+00	0.000000e+00	0.000000e+00	8.499712e-01
9.369536e-08	0.000000e+00	0.000000e+00	0.000000e+00	0.000000e+00	8.500021e-01
9.621981e-08	0.000000e+00	0.000000e+00	0.000000e+00	0.000000e+00	8.499729e-01
1.000000e-07	0.000000e+00	0.000000e+00	0.000000e+00	0.000000e+00	8.500018e-01
1.000500e-07	0.000000e+00	8.500000e-02	0.000000e+00	0.000000e+00	8.500718e-01
1.001500e-07	0.000000e+00	2.550000e-01	0.000000e+00	0.000000e+00	8.499441e-01
1.002891e-07	0.000000e+00	4.914258e-01	0.000000e+00	0.000000e+00	8.498620e-01
1.004706e-07	0.000000e+00	7.999838e-01	0.000000e+00	0.000000e+00	8.499968e-01
1.005000e-07	0.000000e+00	8.500000e-01	0.000000e+00	0.000000e+00	8.501906e-01
1.005175e-07	0.000000e+00	8.500000e-01	0.000000e+00	0.000000e+00	8.501043e-01
1.005525e-07	0.000000e+00	8.500000e-01	0.000000e+00	0.000000e+00	8.500205e-01
1.006226e-07	0.000000e+00	8.500000e-01	0.000000e+00	0.000000e+00	8.499683e-01
1.007627e-07	0.000000e+00	8.500000e-01	0.000000e+00	0.000000e+00	8.499416e-01
1.009950e-07	0.000000e+00	8.500000e-01	0.000000e+00	0.000000e+00	8.499853e-01
1.014595e-07	0.000000e+00	8.500000e-01	0.000000e+00	0.000000e+00	8.499745e-01
1.023886e-07	0.000000e+00	8.500000e-01	0.000000e+00	0.000000e+00	8.499969e-01
1.042468e-07	0.000000e+00	8.500000e-01	0.000000e+00	0.000000e+00	8.499760e-01
1.050000e-07	0.000000e+00	8.500000e-01	0.000000e+00	0.000000e+00	8.499915e-01
1.050500e-07	8.500000e-02	8.500000e-01	0.000000e+00	0.000000e+00	8.500214e-01
1.051500e-07	2.550000e-01	8.500000e-01	0.000000e+00	0.000000e+00	8.500289e-01
1.053500e-07	5.950000e-01	8.500000e-01	0.000000e+00	0.000000e+00	8.499929e-01
1.055000e-07	8.500000e-01	8.500000e-01	0.000000e+00	0.000000e+00	8.500344e-01
1.055400e-07	8.500000e-01	8.500000e-01	0.000000e+00	0.000000e+00	8.499797e-01
1.056200e-07	8.500000e-01	8.500000e-01	0.000000e+00	0.000000e+00	8.499630e-01
1.057800e-07	8.500000e-01	8.500000e-01	0.000000e+00	0.000000e+00	8.499989e-01
1.061000e-07	8.500000e-01	8.500000e-01	0.000000e+00	0.000000e+00	8.499900e-01
1.067400e-07	8.500000e-01	8.500000e-01	0.000000e+00	0.000000e+00	8.499991e-01
1.080200e-07	8.500000e-01	8.500000e-01	0.000000e+00	0.000000e+00	8.499904e-01
1.105000e-07	8.500000e-01	8.500000e-01	0.000000e+00	0.000000e+00	8.499988e-01
1.105500e-07	8.500000e-01	7.650000e-01	0.000000e+00	0.000000e+00	8.499696e-01
1.106500e-07	8.500000e-01	5.950000e-01	0.000000e+00	0.000000e+00	8.499790e-01
1.108500e-07	8.500000e-01	2.550000e-01	0.000000e+00	0.000000e+00	8.500631e-01
1.110000e-07	8.500000e-01	1.221245e-14	0.000000e+00	0.000000e+00	8.499766e-01
1.110222e-07	8.500000e-01	0.000000e+00	0.000000e+00	0.000000e+00	8.499854e-01
1.110665e-07	8.500000e-01	0.000000e+00	0.000000e+00	0.000000e+00	8.499259e-01
1.111552e-07	8.500000e-01	0.000000e+00	0.000000e+00	0.000000e+00	8.499527e-01
1.113237e-07	8.500000e-01	0.000000e+00	0.000000e+00	0.000000e+00	8.500359e-01
1.114865e-07	8.500000e-01	0.000000e+00	0.000000e+00	0.000000e+00	8.499697e-01
1.118020e-07	8.500000e-01	0.000000e+00	0.000000e+00	0.000000e+00	8.500070e-01
1.124332e-07	8.500000e-01	0.000000e+00	0.000000e+00	0.000000e+00	8.499812e-01
1.136954e-07	8.500000e-01	0.000000e+00	0.000000e+00	0.000000e+00	8.500080e-01
1.162199e-07	8.500000e-01	0.000000e+00	0.000000e+00	0.000000e+00	8.499819e-01
1.200000e-07	8.500000e-01	0.000000e+00	0.000000e+00	0.000000e+00	8.500079e-01
1.200500e-07	8.500000e-01	8.500000e-02	0.000000e+00	0.000000e+00	8.500837e-01
1.201500e-07	8.500000e-01	2.550000e-01	0.000000e+00	0.000000e+00	8.499671e-01
1.202891e-07	8.500000e-01	4.914258e-01	0.000000e+00	0.000000e+00	8.498845e-01
1.204706e-07	8.500000e-01	7.999838e-01	0.000000e+00	0.000000e+00	8.500140e-01
1.205000e-07	8.500000e-01	8.500000e-01	0.000000e+00	0.000000e+00	8.502133e-01
1.205175e-07	8.500000e-01	8.500000e-01	0.000000e+00	0.000000e+00	8.501346e-01
1.205525e-07	8.500000e-01	8.500000e-01	0.000000e+00	0.000000e+00	8.500622e-01
1.206226e-07	8.500000e-01	8.500000e-01	0.000000e+00	0.000000e+00	8.500131e-01
1.207627e-07	8.500000e-01	8.500000e-01	0.000000e+00	0.000000e+00	8.499739e-01
1.209950e-07	8.500000e-01	8.500000e-01	0.000000e+00	0.000000e+00	8.500036e-01
1.214595e-07	8.500000e-01	8.500000e-01	0.000000e+00	0.000000e+00	8.499794e-01
1.223886e-07	8.500000e-01	8.500000e-01	0.000000e+00	0.000000e+00	8.500070e-01
1.242468e-07	8.500000e-01	8.500000e-01	0.000000e+00	0.000000e+00	8.499834e-01
1.255000e-07	8.500000e-01	8.500000e-01	0.000000e+00	0.000000e+00	8.500047e-01
1.255500e-07	7.650000e-01	8.500000e-01	0.000000e+00	0.000000e+00	8.499335e-01
1.256500e-07	5.950000e-01	8.500000e-01	0.000000e+00	0.000000e+00	8.499373e-01
1.258500e-07	2.550000e-01	8.500000e-01	0.000000e+00	0.000000e+00	8.499964e-01
1.260000e-07	0.000000e+00	8.500000e-01	0.000000e+00	0.000000e+00	8.499774e-01
1.260400e-07	0.000000e+00	8.500000e-01	0.000000e+00	0.000000e+00	8.500199e-01
1.261200e-07	0.000000e+00	8.500000e-01	0.000000e+00	0.000000e+00	8.500328e-01
1.262800e-07	0.000000e+00	8.500000e-01	0.000000e+00	0.000000e+00	8.499864e-01
1.266000e-07	0.000000e+00	8.500000e-01	0.000000e+00	0.000000e+00	8.499925e-01
1.272400e-07	0.000000e+00	8.500000e-01	0.000000e+00	0.000000e+00	8.499817e-01
1.285200e-07	0.000000e+00	8.500000e-01	0.000000e+00	0.000000e+00	8.499894e-01
1.305000e-07	0.000000e+00	8.500000e-01	0.000000e+00	0.000000e+00	8.499863e-01
1.305500e-07	0.000000e+00	7.650000e-01	0.000000e+00	0.000000e+00	8.499714e-01
1.306500e-07	0.000000e+00	5.950000e-01	0.000000e+00	0.000000e+00	8.499963e-01
1.308500e-07	0.000000e+00	2.550000e-01	0.000000e+00	0.000000e+00	8.500800e-01
1.310000e-07	0.000000e+00	0.000000e+00	0.000000e+00	0.000000e+00	8.499925e-01
1.310222e-07	0.000000e+00	0.000000e+00	0.000000e+00	0.000000e+00	8.499974e-01
1.310665e-07	0.000000e+00	0.000000e+00	0.000000e+00	0.000000e+00	8.499282e-01
1.311552e-07	0.000000e+00	0.000000e+00	0.000000e+00	0.000000e+00	8.499395e-01
1.313237e-07	0.000000e+00	0.000000e+00	0.000000e+00	0.000000e+00	8.500047e-01
1.314865e-07	0.000000e+00	0.000000e+00	0.000000e+00	0.000000e+00	8.499574e-01
1.318020e-07	0.000000e+00	0.000000e+00	0.000000e+00	0.000000e+00	8.500239e-01
1.324332e-07	0.000000e+00	0.000000e+00	0.000000e+00	0.000000e+00	8.499636e-01
1.336954e-07	0.000000e+00	0.000000e+00	0.000000e+00	0.000000e+00	8.500085e-01
1.362199e-07	0.000000e+00	0.000000e+00	0.000000e+00	0.000000e+00	8.499680e-01
1.400000e-07	0.000000e+00	0.000000e+00	0.000000e+00	0.000000e+00	8.500057e-01
1.400500e-07	0.000000e+00	8.500000e-02	8.500000e-02	0.000000e+00	8.603571e-01
1.401500e-07	0.000000e+00	2.550000e-01	2.550000e-01	0.000000e+00	8.661568e-01
1.402877e-07	0.000000e+00	4.891485e-01	4.891485e-01	0.000000e+00	8.388713e-01
1.404445e-07	0.000000e+00	7.557055e-01	7.557055e-01	0.000000e+00	8.542360e-01
1.405000e-07	0.000000e+00	8.500000e-01	8.500000e-01	0.000000e+00	8.545675e-01
1.405144e-07	0.000000e+00	8.500000e-01	8.500000e-01	0.000000e+00	8.525212e-01
1.405433e-07	0.000000e+00	8.500000e-01	8.500000e-01	0.000000e+00	8.503442e-01
1.405865e-07	0.000000e+00	8.500000e-01	8.500000e-01	0.000000e+00	8.500100e-01
1.406312e-07	0.000000e+00	8.500000e-01	8.500000e-01	0.000000e+00	8.499622e-01
1.406936e-07	0.000000e+00	8.500000e-01	8.500000e-01	0.000000e+00	8.499830e-01
1.408054e-07	0.000000e+00	8.500000e-01	8.500000e-01	0.000000e+00	8.499737e-01
1.409062e-07	0.000000e+00	8.500000e-01	8.500000e-01	0.000000e+00	8.499886e-01
1.411078e-07	0.000000e+00	8.500000e-01	8.500000e-01	0.000000e+00	8.499855e-01
1.415111e-07	0.000000e+00	8.500000e-01	8.500000e-01	0.000000e+00	8.499899e-01
1.423176e-07	0.000000e+00	8.500000e-01	8.500000e-01	0.000000e+00	8.499863e-01
1.439306e-07	0.000000e+00	8.500000e-01	8.500000e-01	0.000000e+00	8.499897e-01
1.450000e-07	0.000000e+00	8.500000e-01	8.500000e-01	0.000000e+00	8.499864e-01
1.450500e-07	8.500000e-02	8.500000e-01	8.500000e-01	8.500000e-02	8.500240e-01
1.451500e-07	2.550000e-01	8.500000e-01	8.500000e-01	2.550000e-01	8.500358e-01
1.452886e-07	4.906322e-01	8.500000e-01	8.500000e-01	4.906322e-01	8.500586e-01
1.454455e-07	7.573329e-01	8.500000e-01	8.500000e-01	7.573329e-01	8.499673e-01
1.455000e-07	8.500000e-01	8.500000e-01	8.500000e-01	8.500000e-01	8.500561e-01
1.455175e-07	8.500000e-01	8.500000e-01	8.500000e-01	8.500000e-01	8.499127e-01
1.455525e-07	8.500000e-01	8.500000e-01	8.500000e-01	8.500000e-01	8.498843e-01
1.456226e-07	8.500000e-01	8.500000e-01	8.500000e-01	8.500000e-01	8.500366e-01
1.457627e-07	8.500000e-01	8.500000e-01	8.500000e-01	8.500000e-01	8.499555e-01
1.460118e-07	8.500000e-01	8.500000e-01	8.500000e-01	8.500000e-01	8.500210e-01
1.465100e-07	8.500000e-01	8.500000e-01	8.500000e-01	8.500000e-01	8.499710e-01
1.475064e-07	8.500000e-01	8.500000e-01	8.500000e-01	8.500000e-01	8.500166e-01
1.494993e-07	8.500000e-01	8.500000e-01	8.500000e-01	8.500000e-01	8.499735e-01
1.505000e-07	8.500000e-01	8.500000e-01	8.500000e-01	8.500000e-01	8.500144e-01
1.505500e-07	8.500000e-01	7.650000e-01	8.500000e-01	8.500000e-01	8.499641e-01
1.506500e-07	8.500000e-01	5.950000e-01	8.500000e-01	8.500000e-01	8.499778e-01
1.508500e-07	8.500000e-01	2.550000e-01	8.500000e-01	8.500000e-01	8.500995e-01
1.510000e-07	8.500000e-01	0.000000e+00	8.500000e-01	8.500000e-01	8.498886e-01
1.510206e-07	8.500000e-01	0.000000e+00	8.500000e-01	8.500000e-01	8.499575e-01
1.510618e-07	8.500000e-01	0.000000e+00	8.500000e-01	8.500000e-01	8.499303e-01
1.511255e-07	8.500000e-01	0.000000e+00	8.500000e-01	8.500000e-01	8.499445e-01
1.511911e-07	8.500000e-01	0.000000e+00	8.500000e-01	8.500000e-01	8.500175e-01
1.512786e-07	8.500000e-01	0.000000e+00	8.500000e-01	8.500000e-01	8.500141e-01
1.513887e-07	8.500000e-01	0.000000e+00	8.500000e-01	8.500000e-01	8.499938e-01
1.515024e-07	8.500000e-01	0.000000e+00	8.500000e-01	8.500000e-01	8.499951e-01
1.517299e-07	8.500000e-01	0.000000e+00	8.500000e-01	8.500000e-01	8.499951e-01
1.521847e-07	8.500000e-01	0.000000e+00	8.500000e-01	8.500000e-01	8.499943e-01
1.530944e-07	8.500000e-01	0.000000e+00	8.500000e-01	8.500000e-01	8.499952e-01
1.549138e-07	8.500000e-01	0.000000e+00	8.500000e-01	8.500000e-01	8.499941e-01
1.585525e-07	8.500000e-01	0.000000e+00	8.500000e-01	8.500000e-01	8.499952e-01
1.600000e-07	8.500000e-01	0.000000e+00	8.500000e-01	8.500000e-01	8.499941e-01
1.600500e-07	8.500000e-01	8.500000e-02	8.500000e-01	8.500000e-01	8.501107e-01
1.601500e-07	8.500000e-01	2.550000e-01	8.500000e-01	8.500000e-01	8.498777e-01
1.602927e-07	8.500000e-01	4.976269e-01	8.500000e-01	8.500000e-01	8.492012e-01
1.604727e-07	8.500000e-01	8.036317e-01	8.500000e-01	8.500000e-01	8.570280e-01
1.605000e-07	8.500000e-01	8.500000e-01	8.500000e-01	8.500000e-01	8.412728e-01
1.605167e-07	8.500000e-01	8.500000e-01	8.500000e-01	8.500000e-01	8.058678e-01
1.605502e-07	8.500000e-01	8.500000e-01	8.500000e-01	8.500000e-01	5.467106e-01
1.606156e-07	8.500000e-01	8.500000e-01	8.500000e-01	8.500000e-01	4.747055e-02
1.606904e-07	8.500000e-01	8.500000e-01	8.500000e-01	8.500000e-01	-4.966642e-03
1.607693e-07	8.500000e-01	8.500000e-01	8.500000e-01	8.500000e-01	7.056641e-03
1.609068e-07	8.500000e-01	8.500000e-01	8.500000e-01	8.500000e-01	-4.222074e-03
1.610488e-07	8.500000e-01	8.500000e-01	8.500000e-01	8.500000e-01	3.249972e-03
1.613146e-07	8.500000e-01	8.500000e-01	8.500000e-01	8.500000e-01	-2.818717e-03
1.617527e-07	8.500000e-01	8.500000e-01	8.500000e-01	8.500000e-01	2.600326e-03
1.625973e-07	8.500000e-01	8.500000e-01	8.500000e-01	8.500000e-01	-2.479339e-03
1.641823e-07	8.500000e-01	8.500000e-01	8.500000e-01	8.500000e-01	2.432434e-03
1.655000e-07	8.500000e-01	8.500000e-01	8.500000e-01	8.500000e-01	-2.355691e-03
1.655500e-07	7.650000e-01	8.500000e-01	8.500000e-01	8.500000e-01	-3.998499e-04
1.656500e-07	5.950000e-01	8.500000e-01	8.500000e-01	8.500000e-01	2.397617e-04
1.658500e-07	2.550000e-01	8.500000e-01	8.500000e-01	8.500000e-01	-1.981325e-04
1.660000e-07	0.000000e+00	8.500000e-01	8.500000e-01	8.500000e-01	2.049287e-04
1.660282e-07	0.000000e+00	8.500000e-01	8.500000e-01	8.500000e-01	5.936216e-05
1.660846e-07	0.000000e+00	8.500000e-01	8.500000e-01	8.500000e-01	-3.141527e-05
1.661975e-07	0.000000e+00	8.500000e-01	8.500000e-01	8.500000e-01	2.715204e-05
1.664232e-07	0.000000e+00	8.500000e-01	8.500000e-01	8.500000e-01	-2.349499e-05
1.667466e-07	0.000000e+00	8.500000e-01	8.500000e-01	8.500000e-01	2.285516e-05
1.673932e-07	0.000000e+00	8.500000e-01	8.500000e-01	8.500000e-01	-2.085939e-05
1.686865e-07	0.000000e+00	8.500000e-01	8.500000e-01	8.500000e-01	2.156821e-05
1.705000e-07	0.000000e+00	8.500000e-01	8.500000e-01	8.500000e-01	-2.014940e-05
1.705500e-07	0.000000e+00	7.650000e-01	8.500000e-01	8.500000e-01	-4.575848e-05
1.706500e-07	0.000000e+00	5.950000e-01	8.500000e-01	8.500000e-01	3.104059e-05
1.708500e-07	0.000000e+00	2.550000e-01	8.500000e-01	8.500000e-01	2.096044e-05
1.710000e-07	0.000000e+00	0.000000e+00	8.500000e-01	8.500000e-01	9.121312e-05
1.710222e-07	0.000000e+00	0.000000e+00	8.500000e-01	8.500000e-01	-1.014181e-04
1.710665e-07	0.000000e+00	0.000000e+00	8.500000e-01	8.500000e-01	-2.062277e-04
1.711552e-07	0.000000e+00	0.000000e+00	8.500000e-01	8.500000e-01	3.324412e-05
1.713225e-07	0.000000e+00	0.000000e+00	8.500000e-01	8.500000e-01	3.002747e-05
1.714850e-07	0.000000e+00	0.000000e+00	8.500000e-01	8.500000e-01	-5.788974e-06
1.717993e-07	0.000000e+00	0.000000e+00	8.500000e-01	8.500000e-01	1.303583e-07
1.724279e-07	0.000000e+00	0.000000e+00	8.500000e-01	8.500000e-01	3.238639e-06
1.736850e-07	0.000000e+00	0.000000e+00	8.500000e-01	8.500000e-01	-3.023749e-06
1.761992e-07	0.000000e+00	0.000000e+00	8.500000e-01	8.500000e-01	4.555039e-06
1.800000e-07	0.000000e+00	0.000000e+00	8.500000e-01	8.500000e-01	-3.685521e-06
1.800500e-07	0.000000e+00	8.500000e-02	8.500000e-01	8.500000e-01	2.780427e-05
1.801500e-07	0.000000e+00	2.550000e-01	8.500000e-01	8.500000e-01	-1.111761e-05
1.802890e-07	0.000000e+00	4.912710e-01	8.500000e-01	8.500000e-01	-7.705390e-05
1.804705e-07	0.000000e+00	7.998608e-01	8.500000e-01	8.500000e-01	1.138626e-04
1.805000e-07	0.000000e+00	8.500000e-01	8.500000e-01	8.500000e-01	2.938874e-04
1.805175e-07	0.000000e+00	8.500000e-01	8.500000e-01	8.500000e-01	1.085288e-05
1.805525e-07	0.000000e+00	8.500000e-01	8.500000e-01	8.500000e-01	-1.262969e-04
1.806225e-07	0.000000e+00	8.500000e-01	8.500000e-01	8.500000e-01	4.105067e-05
1.807625e-07	0.000000e+00	8.500000e-01	8.500000e-01	8.500000e-01	-3.992024e-05
1.809956e-07	0.000000e+00	8.500000e-01	8.500000e-01	8.500000e-01	3.781673e-05
1.814618e-07	0.000000e+00	8.500000e-01	8.500000e-01	8.500000e-01	-3.437312e-05
1.823942e-07	0.000000e+00	8.500000e-01	8.500000e-01	8.500000e-01	3.437987e-05
1.842589e-07	0.000000e+00	8.500000e-01	8.500000e-01	8.500000e-01	-3.270031e-05
1.850000e-07	0.000000e+00	8.500000e-01	8.500000e-01	8.500000e-01	3.246193e-05
1.850500e-07	8.500000e-02	8.500000e-01	8.500000e-01	8.500000e-01	3.933518e-05
1.851500e-07	2.550000e-01	8.500000e-01	8.500000e-01	8.500000e-01	1.178095e-05
1.853500e-07	5.950000e-01	8.500000e-01	8.500000e-01	8.500000e-01	4.165852e-05
1.855000e-07	8.500000e-01	8.500000e-01	8.500000e-01	8.500000e-01	-3.586574e-05
1.855346e-07	8.500000e-01	8.500000e-01	8.500000e-01	8.500000e-01	-6.834633e-05
1.856037e-07	8.500000e-01	8.500000e-01	8.500000e-01	8.500000e-01	-2.094456e-05
1.857419e-07	8.500000e-01	8.500000e-01	8.500000e-01	8.500000e-01	1.820604e-05
1.860184e-07	8.500000e-01	8.500000e-01	8.500000e-01	8.500000e-01	-8.103741e-06
1.863721e-07	8.500000e-01	8.500000e-01	8.500000e-01	8.500000e-01	1.316264e-05
1.870797e-07	8.500000e-01	8.500000e-01	8.500000e-01	8.500000e-01	-5.657717e-06
1.884947e-07	8.500000e-01	8.500000e-01	8.500000e-01	8.500000e-01	1.207003e-05
1.905000e-07	8.500000e-01	8.500000e-01	8.500000e-01	8.500000e-01	-5.069604e-06
1.905500e-07	8.500000e-01	7.650000e-01	8.500000e-01	8.500000e-01	-4.273602e-05
1.906500e-07	8.500000e-01	5.950000e-01	8.500000e-01	8.500000e-01	3.316551e-05
1.908500e-07	8.500000e-01	2.550000e-01	8.500000e-01	8.500000e-01	2.460424e-05
1.910000e-07	8.500000e-01	0.000000e+00	8.500000e-01	8.500000e-01	9.279993e-05
1.910222e-07	8.500000e-01	0.000000e+00	8.500000e-01	8.500000e-01	-9.715291e-05
1.910665e-07	8.500000e-01	0.000000e+00	8.500000e-01	8.500000e-01	-2.035412e-04
1.911552e-07	8.500000e-01	0.000000e+00	8.500000e-01	8.500000e-01	3.615497e-05
1.913225e-07	8.500000e-01	0.000000e+00	8.500000e-01	8.500000e-01	3.284658e-05
1.914850e-07	8.500000e-01	0.000000e+00	8.500000e-01	8.500000e-01	-3.019484e-06
1.917993e-07	8.500000e-01	0.000000e+00	8.500000e-01	8.500000e-01	2.952528e-06
1.924278e-07	8.500000e-01	0.000000e+00	8.500000e-01	8.500000e-01	6.056668e-06
1.936847e-07	8.500000e-01	0.000000e+00	8.500000e-01	8.500000e-01	-1.928266e-07
1.955000e-07	8.500000e-01	0.000000e+00	8.500000e-01	8.500000e-01	7.516221e-06
1.955500e-07	8.500000e-01	0.000000e+00	8.500000e-01	7.650000e-01	1.132989e-06
1.956500e-07	8.500000e-01	0.000000e+00	8.500000e-01	5.950000e-01	2.854802e-06
1.958500e-07	8.500000e-01	0.000000e+00	8.500000e-01	2.550000e-01	2.428081e-06
1.960000e-07	8.500000e-01	0.000000e+00	8.500000e-01	0.000000e+00	-5.629875e-06
1.960194e-07	8.500000e-01	0.000000e+00	8.500000e-01	0.000000e+00	1.526466e-05
1.960583e-07	8.500000e-01	0.000000e+00	8.500000e-01	0.000000e+00	2.004960e-05
1.961248e-07	8.500000e-01	0.000000e+00	8.500000e-01	0.000000e+00	-3.823180e-06
1.961978e-07	8.500000e-01	0.000000e+00	8.500000e-01	0.000000e+00	-5.618956e-05
1.962745e-07	8.500000e-01	0.000000e+00	8.500000e-01	0.000000e+00	1.705684e-04
1.963546e-07	8.500000e-01	0.000000e+00	8.500000e-01	0.000000e+00	-1.706084e-04
1.964353e-07	8.500000e-01	0.000000e+00	8.500000e-01	0.000000e+00	1.077411e-04
1.965231e-07	8.500000e-01	0.000000e+00	8.500000e-01	0.000000e+00	-7.063388e-05
1.966107e-07	8.500000e-01	0.000000e+00	8.500000e-01	0.000000e+00	4.843886e-05
1.967675e-07	8.500000e-01	0.000000e+00	8.500000e-01	0.000000e+00	-2.581242e-05
1.969176e-07	8.500000e-01	0.000000e+00	8.500000e-01	0.000000e+00	2.506298e-05
1.972178e-07	8.500000e-01	0.000000e+00	8.500000e-01	0.000000e+00	-1.538681e-05
1.976992e-07	8.500000e-01	0.000000e+00	8.500000e-01	0.000000e+00	2.062777e-05
1.985901e-07	8.500000e-01	0.000000e+00	8.500000e-01	0.000000e+00	-1.311240e-05
2.000000e-07	8.500000e-01	0.000000e+00	8.500000e-01	0.000000e+00	1.942768e-05
2.000500e-07	8.500000e-01	8.500000e-02	8.500000e-01	0.000000e+00	3.224527e-05
2.001500e-07	8.500000e-01	2.550000e-01	8.500000e-01	0.000000e+00	3.132588e-05
2.002951e-07	8.500000e-01	5.017499e-01	8.500000e-01	0.000000e+00	9.593832e-05
2.004762e-07	8.500000e-01	8.095752e-01	8.500000e-01	0.000000e+00	-2.939128e-03
2.005000e-07	8.500000e-01	8.500000e-01	8.500000e-01	0.000000e+00	-6.861202e-03
2.005159e-07	8.500000e-01	8.500000e-01	8.228989e-01	0.000000e+00	-1.156955e-02
2.005478e-07	8.500000e-01	8.500000e-01	7.686968e-01	0.000000e+00	-1.704804e-02
2.006116e-07	8.500000e-01	8.500000e-01	6.602925e-01	0.000000e+00	4.740370e-02
2.006885e-07	8.500000e-01	8.500000e-01	5.296157e-01	0.000000e+00	6.880054e-01
2.007758e-07	8.500000e-01	8.500000e-01	3.811288e-01	0.000000e+00	8.418184e-01
2.008908e-07	8.500000e-01	8.500000e-01	1.855645e-01	0.000000e+00	8.500667e-01
2.010000e-07	8.500000e-01	8.500000e-01	0.000000e+00	0.000000e+00	8.503818e-01
2.010123e-07	8.500000e-01	8.500000e-01	0.000000e+00	0.000000e+00	8.516466e-01
2.010368e-07	8.500000e-01	8.500000e-01	0.000000e+00	0.000000e+00	8.529264e-01
2.010860e-07	8.500000e-01	8.500000e-01	0.000000e+00	0.000000e+00	8.523203e-01
2.011842e-07	8.500000e-01	8.500000e-01	0.000000e+00	0.000000e+00	8.506690e-01
2.013272e-07	8.500000e-01	8.500000e-01	0.000000e+00	0.000000e+00	8.500759e-01
2.016060e-07	8.500000e-01	8.500000e-01	0.000000e+00	0.000000e+00	8.499759e-01
2.021637e-07	8.500000e-01	8.500000e-01	0.000000e+00	0.000000e+00	8.500055e-01
2.032791e-07	8.500000e-01	8.500000e-01	0.000000e+00	0.000000e+00	8.499861e-01
2.055000e-07	8.500000e-01	8.500000e-01	0.000000e+00	0.000000e+00	8.500023e-01
2.055500e-07	7.650000e-01	8.500000e-01	0.000000e+00	0.000000e+00	8.499347e-01
2.056500e-07	5.950000e-01	8.500000e-01	0.000000e+00	0.000000e+00	8.499383e-01
2.058500e-07	2.550000e-01	8.500000e-01	0.000000e+00	0.000000e+00	8.499958e-01
2.060000e-07	0.000000e+00	8.500000e-01	0.000000e+00	0.000000e+00	8.499783e-01
2.060400e-07	0.000000e+00	8.500000e-01	0.000000e+00	0.000000e+00	8.500203e-01
2.061200e-07	0.000000e+00	8.500000e-01	0.000000e+00	0.000000e+00	8.500326e-01
2.062800e-07	0.000000e+00	8.500000e-01	0.000000e+00	0.000000e+00	8.499866e-01
2.066000e-07	0.000000e+00	8.500000e-01	0.000000e+00	0.000000e+00	8.499903e-01
2.072400e-07	0.000000e+00	8.500000e-01	0.000000e+00	0.000000e+00	8.499833e-01
2.085200e-07	0.000000e+00	8.500000e-01	0.000000e+00	0.000000e+00	8.499880e-01
2.105000e-07	0.000000e+00	8.500000e-01	0.000000e+00	0.000000e+00	8.499879e-01
2.105500e-07	0.000000e+00	7.650000e-01	0.000000e+00	0.000000e+00	8.499725e-01
2.106500e-07	0.000000e+00	5.950000e-01	0.000000e+00	0.000000e+00	8.499974e-01
2.108500e-07	0.000000e+00	2.550000e-01	0.000000e+00	0.000000e+00	8.500776e-01
2.110000e-07	0.000000e+00	0.000000e+00	0.000000e+00	0.000000e+00	8.499918e-01
2.110222e-07	0.000000e+00	0.000000e+00	0.000000e+00	0.000000e+00	8.499963e-01
2.110665e-07	0.000000e+00	0.000000e+00	0.000000e+00	0.000000e+00	8.499268e-01
2.111552e-07	0.000000e+00	0.000000e+00	0.000000e+00	0.000000e+00	8.499386e-01
2.113237e-07	0.000000e+00	0.000000e+00	0.000000e+00	0.000000e+00	8.500045e-01
2.114865e-07	0.000000e+00	0.000000e+00	0.000000e+00	0.000000e+00	8.499574e-01
2.118020e-07	0.000000e+00	0.000000e+00	0.000000e+00	0.000000e+00	8.500243e-01
2.124331e-07	0.000000e+00	0.000000e+00	0.000000e+00	0.000000e+00	8.499634e-01
2.136953e-07	0.000000e+00	0.000000e+00	0.000000e+00	0.000000e+00	8.500087e-01
2.162198e-07	0.000000e+00	0.000000e+00	0.000000e+00	0.000000e+00	8.499678e-01
2.200000e-07	0.000000e+00	0.000000e+00	0.000000e+00	0.000000e+00	8.500058e-01
2.200500e-07	0.000000e+00	8.500000e-02	0.000000e+00	0.000000e+00	8.500704e-01
2.201500e-07	0.000000e+00	2.550000e-01	0.000000e+00	0.000000e+00	8.499316e-01
2.202891e-07	0.000000e+00	4.914257e-01	0.000000e+00	0.000000e+00	8.498493e-01
2.204706e-07	0.000000e+00	7.999836e-01	0.000000e+00	0.000000e+00	8.499864e-01
2.205000e-07	0.000000e+00	8.500000e-01	0.000000e+00	0.000000e+00	8.501745e-01
2.205175e-07	0.000000e+00	8.500000e-01	0.000000e+00	0.000000e+00	8.500977e-01
2.205525e-07	0.000000e+00	8.500000e-01	0.000000e+00	0.000000e+00	8.500490e-01
2.206226e-07	0.000000e+00	8.500000e-01	0.000000e+00	0.000000e+00	8.500116e-01
2.207627e-07	0.000000e+00	8.500000e-01	0.000000e+00	0.000000e+00	8.499630e-01
2.209950e-07	0.000000e+00	8.500000e-01	0.000000e+00	0.000000e+00	8.499988e-01
2.214595e-07	0.000000e+00	8.500000e-01	0.000000e+00	0.000000e+00	8.499727e-01
2.223886e-07	0.000000e+00	8.500000e-01	0.000000e+00	0.000000e+00	8.499992e-01
2.242469e-07	0.000000e+00	8.500000e-01	0.000000e+00	0.000000e+00	8.499778e-01
2.250000e-07	0.000000e+00	8.500000e-01	0.000000e+00	0.000000e+00	8.499925e-01
2.250500e-07	8.500000e-02	8.500000e-01	0.000000e+00	0.000000e+00	8.500290e-01
2.251500e-07	2.550000e-01	8.500000e-01	0.000000e+00	0.000000e+00	8.500310e-01
2.253500e-07	5.950000e-01	8.500000e-01	0.000000e+00	0.000000e+00	8.499971e-01
2.255000e-07	8.500000e-01	8.500000e-01	0.000000e+00	0.000000e+00	8.500329e-01
2.255400e-07	8.500000e-01	8.500000e-01	0.000000e+00	0.000000e+00	8.499784e-01
2.256200e-07	8.500000e-01	8.500000e-01	0.000000e+00	0.000000e+00	8.499616e-01
2.257800e-07	8.500000e-01	8.500000e-01	0.000000e+00	0.000000e+00	8.499991e-01
2.261000e-07	8.500000e-01	8.500000e-01	0.000000e+00	0.000000e+00	8.499901e-01
2.267400e-07	8.500000e-01	8.500000e-01	0.000000e+00	0.000000e+00	8.499994e-01
2.280200e-07	8.500000e-01	8.500000e-01	0.000000e+00	0.000000e+00	8.499901e-01
2.305000e-07	8.500000e-01	8.500000e-01	0.000000e+00	0.000000e+00	8.499992e-01
2.305500e-07	8.500000e-01	7.650000e-01	0.000000e+00	0.000000e+00	8.499700e-01
2.306500e-07	8.500000e-01	5.950000e-01	0.000000e+00	0.000000e+00	8.499793e-01
2.308500e-07	8.500000e-01	2.550000e-01	0.000000e+00	0.000000e+00	8.500629e-01
2.310000e-07	8.500000e-01	0.000000e+00	0.000000e+00	0.000000e+00	8.499767e-01
2.310222e-07	8.500000e-01	0.000000e+00	0.000000e+00	0.000000e+00	8.499858e-01
2.310665e-07	8.500000e-01	0.000000e+00	0.000000e+00	0.000000e+00	8.499270e-01
2.311552e-07	8.500000e-01	0.000000e+00	0.000000e+00	0.000000e+00	8.499529e-01
2.313237e-07	8.500000e-01	0.000000e+00	0.000000e+00	0.000000e+00	8.500353e-01
2.314865e-07	8.500000e-01	0.000000e+00	0.000000e+00	0.000000e+00	8.499696e-01
2.318020e-07	8.500000e-01	0.000000e+00	0.000000e+00	0.000000e+00	8.500066e-01
2.324332e-07	8.500000e-01	0.000000e+00	0.000000e+00	0.000000e+00	8.499813e-01
2.336954e-07	8.500000e-01	0.000000e+00	0.000000e+00	0.000000e+00	8.500080e-01
2.362200e-07	8.500000e-01	0.000000e+00	0.000000e+00	0.000000e+00	8.499818e-01
2.400000e-07	8.500000e-01	0.000000e+00	0.000000e+00	0.000000e+00	8.500079e-01
2.400500e-07	8.500000e-01	8.500000e-02	0.000000e+00	0.000000e+00	8.500830e-01
2.401500e-07	8.500000e-01	2.550000e-01	0.000000e+00	0.000000e+00	8.499661e-01
2.402891e-07	8.500000e-01	4.914260e-01	0.000000e+00	0.000000e+00	8.498847e-01
2.404706e-07	8.500000e-01	7.999840e-01	0.000000e+00	0.000000e+00	8.500143e-01
2.405000e-07	8.500000e-01	8.500000e-01	0.000000e+00	0.000000e+00	8.502124e-01
2.405175e-07	8.500000e-01	8.500000e-01	0.000000e+00	0.000000e+00	8.501321e-01
2.405525e-07	8.500000e-01	8.500000e-01	0.000000e+00	0.000000e+00	8.500586e-01
2.406226e-07	8.500000e-01	8.500000e-01	0.000000e+00	0.000000e+00	8.500144e-01
2.407627e-07	8.500000e-01	8.500000e-01	0.000000e+00	0.000000e+00	8.499725e-01
2.409950e-07	8.500000e-01	8.500000e-01	0.000000e+00	0.000000e+00	8.500031e-01
2.414595e-07	8.500000e-01	8.500000e-01	0.000000e+00	0.000000e+00	8.499864e-01
2.423886e-07	8.500000e-01	8.500000e-01	0.000000e+00	0.000000e+00	8.500032e-01
2.442468e-07	8.500000e-01	8.500000e-01	0.000000e+00	0.000000e+00	8.499864e-01
2.450000e-07	8.500000e-01	8.500000e-01	0.000000e+00	2.249931e-14	8.500025e-01
2.450500e-07	8.500000e-01	8.500000e-01	0.000000e+00	8.500000e-02	8.500354e-01
2.451500e-07	8.500000e-01	8.500000e-01	0.000000e+00	2.550000e-01	8.499620e-01
2.452880e-07	8.500000e-01	8.500000e-01	0.000000e+00	4.895397e-01	8.491096e-01
2.454486e-07	8.500000e-01	8.500000e-01	0.000000e+00	7.626346e-01	8.815434e-01
2.455000e-07	8.500000e-01	8.500000e-01	0.000000e+00	8.500000e-01	8.948715e-01
2.455124e-07	8.289412e-01	8.500000e-01	0.000000e+00	8.500000e-01	8.949480e-01
2.455372e-07	7.868237e-01	8.500000e-01	0.000000e+00	8.500000e-01	8.927008e-01
2.455815e-07	7.114150e-01	8.500000e-01	0.000000e+00	8.500000e-01	8.815331e-01
2.456266e-07	6.347644e-01	8.500000e-01	0.000000e+00	8.500000e-01	8.700831e-01
2.456869e-07	5.322288e-01	8.500000e-01	0.000000e+00	8.500000e-01	8.600072e-01
2.457472e-07	4.298122e-01	8.500000e-01	0.000000e+00	8.500000e-01	8.548389e-01
2.458437e-07	2.656340e-01	8.500000e-01	0.000000e+00	8.500000e-01	8.515399e-01
2.459915e-07	1.452247e-02	8.500000e-01	0.000000e+00	8.500000e-01	8.504596e-01
2.460000e-07	0.000000e+00	8.500000e-01	0.000000e+00	8.500000e-01	8.504506e-01
2.460171e-07	0.000000e+00	8.500000e-01	0.000000e+00	8.500000e-01	8.504714e-01
2.460513e-07	0.000000e+00	8.500000e-01	0.000000e+00	8.500000e-01	8.504746e-01
2.461196e-07	0.000000e+00	8.500000e-01	0.000000e+00	8.500000e-01	8.503977e-01
2.462563e-07	0.000000e+00	8.500000e-01	0.000000e+00	8.500000e-01	8.502836e-01
2.465296e-07	0.000000e+00	8.500000e-01	0.000000e+00	8.500000e-01	8.501749e-01
2.470764e-07	0.000000e+00	8.500000e-01	0.000000e+00	8.500000e-01	8.500843e-01
2.481698e-07	0.000000e+00	8.500000e-01	0.000000e+00	8.500000e-01	8.500441e-01
2.503567e-07	0.000000e+00	8.500000e-01	0.000000e+00	8.500000e-01	8.500057e-01
2.505000e-07	0.000000e+00	8.500000e-01	0.000000e+00	8.500000e-01	8.500095e-01
2.505370e-07	0.000000e+00	7.871150e-01	0.000000e+00	8.500000e-01	8.499750e-01
2.506110e-07	0.000000e+00	6.613450e-01	0.000000e+00	8.500000e-01	8.499887e-01
2.507589e-07	0.000000e+00	4.098050e-01	0.000000e+00	8.500000e-01	8.500308e-01
2.509490e-07	0.000000e+00	8.665945e-02	0.000000e+00	8.500000e-01	8.500853e-01
2.510000e-07	0.000000e+00	3.463896e-14	0.000000e+00	8.500000e-01	8.498225e-01
2.510176e-07	0.000000e+00	0.000000e+00	0.000000e+00	8.500000e-01	8.499442e-01
2.510527e-07	0.000000e+00	0.000000e+00	0.000000e+00	8.500000e-01	8.499910e-01
2.511085e-07	0.000000e+00	0.000000e+00	0.000000e+00	8.500000e-01	8.499502e-01
2.511671e-07	0.000000e+00	0.000000e+00	0.000000e+00	8.500000e-01	8.499856e-01
2.512398e-07	0.000000e+00	0.000000e+00	0.000000e+00	8.500000e-01	8.500103e-01
2.513136e-07	0.000000e+00	0.000000e+00	0.000000e+00	8.500000e-01	8.500063e-01
2.514129e-07	0.000000e+00	0.000000e+00	0.000000e+00	8.500000e-01	8.500032e-01
2.516115e-07	0.000000e+00	0.000000e+00	0.000000e+00	8.500000e-01	8.500021e-01
2.520088e-07	0.000000e+00	0.000000e+00	0.000000e+00	8.500000e-01	8.500015e-01
2.527530e-07	0.000000e+00	0.000000e+00	0.000000e+00	8.500000e-01	8.500014e-01
2.542415e-07	0.000000e+00	0.000000e+00	0.000000e+00	8.500000e-01	8.499989e-01
2.572185e-07	0.000000e+00	0.000000e+00	0.000000e+00	8.500000e-01	8.499941e-01
2.600000e-07	0.000000e+00	8.999725e-14	0.000000e+00	8.500000e-01	8.499932e-01
2.600500e-07	0.000000e+00	8.500000e-02	8.500000e-02	8.500000e-01	8.614476e-01
2.601500e-07	0.000000e+00	2.550000e-01	2.550000e-01	8.500000e-01	8.670688e-01
2.602868e-07	0.000000e+00	4.875266e-01	4.875266e-01	8.500000e-01	8.376009e-01
2.604309e-07	0.000000e+00	7.324605e-01	7.324605e-01	8.500000e-01	8.707542e-01
2.605000e-07	0.000000e+00	8.500000e-01	8.500000e-01	8.500000e-01	8.320814e-01
2.605148e-07	0.000000e+00	8.500000e-01	8.500000e-01	8.500000e-01	7.903499e-01
2.605443e-07	0.000000e+00	8.500000e-01	8.500000e-01	8.500000e-01	5.119921e-01
2.606034e-07	0.000000e+00	8.500000e-01	8.500000e-01	8.500000e-01	4.836137e-02
2.606798e-07	0.000000e+00	8.500000e-01	8.500000e-01	8.500000e-01	-4.908783e-03
2.607523e-07	0.000000e+00	8.500000e-01	8.500000e-01	8.500000e-01	7.002630e-03
2.608974e-07	0.000000e+00	8.500000e-01	8.500000e-01	8.500000e-01	-4.109430e-03
2.610345e-07	0.000000e+00	8.500000e-01	8.500000e-01	8.500000e-01	3.092146e-03
2.613076e-07	0.000000e+00	8.500000e-01	8.500000e-01	8.500000e-01	-2.689783e-03
2.617422e-07	0.000000e+00	8.500000e-01	8.500000e-01	8.500000e-01	2.476467e-03
2.625991e-07	0.000000e+00	8.500000e-01	8.500000e-01	8.500000e-01	-2.367246e-03
2.642418e-07	0.000000e+00	8.500000e-01	8.500000e-01	8.500000e-01	2.319242e-03
2.650000e-07	0.000000e+00	8.500000e-01	8.500000e-01	8.500000e-01	-2.204843e-03
2.650500e-07	8.500000e-02	8.500000e-01	8.500000e-01	8.500000e-01	-2.758941e-04
2.651500e-07	2.550000e-01	8.500000e-01	8.500000e-01	8.500000e-01	2.304526e-04
2.653500e-07	5.950000e-01	8.500000e-01	8.500000e-01	8.500000e-01	-1.401659e-04
2.655000e-07	8.500000e-01	8.500000e-01	8.500000e-01	8.500000e-01	1.067992e-04
2.655346e-07	8.500000e-01	8.500000e-01	8.500000e-01	8.500000e-01	-3.642720e-05
2.656037e-07	8.500000e-01	8.500000e-01	8.500000e-01	8.500000e-01	-4.049088e-05
2.657419e-07	8.500000e-01	8.500000e-01	8.500000e-01	8.500000e-01	3.282688e-05
2.660184e-07	8.500000e-01	8.500000e-01	8.500000e-01	8.500000e-01	-2.136283e-05
2.663721e-07	8.500000e-01	8.500000e-01	8.500000e-01	8.500000e-01	2.512768e-05
2.670797e-07	8.500000e-01	8.500000e-01	8.500000e-01	8.500000e-01	-1.701379e-05
2.684948e-07	8.500000e-01	8.500000e-01	8.500000e-01	8.500000e-01	2.313954e-05
2.705000e-07	8.500000e-01	8.500000e-01	8.500000e-01	8.500000e-01	-1.593951e-05
2.705500e-07	8.500000e-01	7.650000e-01	8.500000e-01	8.500000e-01	-4.426220e-05
2.706500e-07	8.500000e-01	5.950000e-01	8.500000e-01	8.500000e-01	3.421863e-05
2.708500e-07	8.500000e-01	2.550000e-01	8.500000e-01	8.500000e-01	2.374880e-05
2.710000e-07	8.500000e-01	3.463896e-14	8.500000e-01	8.500000e-01	9.344908e-05
2.710222e-07	8.500000e-01	0.000000e+00	8.500000e-01	8.500000e-01	-9.693575e-05
2.710665e-07	8.500000e-01	0.000000e+00	8.500000e-01	8.500000e-01	-2.036474e-04
2.711552e-07	8.500000e-01	0.000000e+00	8.500000e-01	8.500000e-01	3.621007e-05
2.713224e-07	8.500000e-01	0.000000e+00	8.500000e-01	8.500000e-01	3.280025e-05
2.714850e-07	8.500000e-01	0.000000e+00	8.500000e-01	8.500000e-01	-2.978036e-06
2.717992e-07	8.500000e-01	0.000000e+00	8.500000e-01	8.500000e-01	2.914688e-06
2.724277e-07	8.500000e-01	0.000000e+00	8.500000e-01	8.500000e-01	6.092399e-06
2.736847e-07	8.500000e-01	0.000000e+00	8.500000e-01	8.500000e-01	-2.274064e-07
2.761986e-07	8.500000e-01	0.000000e+00	8.500000e-01	8.500000e-01	7.402510e-06
2.800000e-07	8.500000e-01	0.000000e+00	8.500000e-01	8.500000e-01	-8.815651e-07
2.800500e-07	8.500000e-01	8.500000e-02	8.500000e-01	8.500000e-01	3.051496e-05
2.801500e-07	8.500000e-01	2.550000e-01	8.500000e-01	8.500000e-01	-9.170378e-06
2.802890e-07	8.500000e-01	4.912709e-01	8.500000e-01	8.500000e-01	-7.354467e-05
2.804705e-07	8.500000e-01	7.998606e-01	8.500000e-01	8.500000e-01	1.165706e-04
2.805000e-07	8.500000e-01	8.500000e-01	8.500000e-01	8.500000e-01	2.958033e-04
2.805175e-07	8.500000e-01	8.500000e-01	8.500000e-01	8.500000e-01	1.280069e-05
2.805525e-07	8.500000e-01	8.500000e-01	8.500000e-01	8.500000e-01	-1.231756e-04
2.806225e-07	8.500000e-01	8.500000e-01	8.500000e-01	8.500000e-01	4.348164e-05
2.807625e-07	8.500000e-01	8.500000e-01	8.500000e-01	8.500000e-01	-3.666350e-05
2.809956e-07	8.500000e-01	8.500000e-01	8.500000e-01	8.500000e-01	4.024481e-05
2.814618e-07	8.500000e-01	8.500000e-01	8.500000e-01	8.500000e-01	-3.117712e-05
2.823942e-07	8.500000e-01	8.500000e-01	8.500000e-01	8.500000e-01	3.683196e-05
2.842589e-07	8.500000e-01	8.500000e-01	8.500000e-01	8.500000e-01	-2.951686e-05
2.855000e-07	8.500000e-01	8.500000e-01	8.500000e-01	8.500000e-01	3.546585e-05
2.855500e-07	7.650000e-01	8.500000e-01	8.500000e-01	8.500000e-01	-6.201563e-05
2.856500e-07	5.950000e-01	8.500000e-01	8.500000e-01	8.500000e-01	4.040533e-06
2.858500e-07	2.550000e-01	8.500000e-01	8.500000e-01	8.500000e-01	-1.850305e-06
2.860000e-07	2.053913e-14	8.500000e-01	8.500000e-01	8.500000e-01	5.043372e-05
2.860282e-07	0.000000e+00	8.500000e-01	8.500000e-01	8.500000e-01	1.904108e-05
2.860846e-07	0.000000e+00	8.500000e-01	8.500000e-01	8.500000e-01	-1.123958e-05
2.861975e-07	0.000000e+00	8.500000e-01	8.500000e-01	8.500000e-01	1.249183e-05
2.864232e-07	0.000000e+00	8.500000e-01	8.500000e-01	8.500000e-01	-1.105870e-05
2.867465e-07	0.000000e+00	8.500000e-01	8.500000e-01	8.500000e-01	1.174078e-05
2.873932e-07	0.000000e+00	8.500000e-01	8.500000e-01	8.500000e-01	-1.035934e-05
2.886864e-07	0.000000e+00	8.500000e-01	8.500000e-01	8.500000e-01	1.136012e-05
2.905000e-07	0.000000e+00	8.500000e-01	8.500000e-01	8.500000e-01	-1.014598e-05
2.905500e-07	0.000000e+00	7.650000e-01	8.500000e-01	8.500000e-01	-4.434578e-05
2.906500e-07	0.000000e+00	5.950000e-01	8.500000e-01	8.500000e-01	2.999978e-05
2.908500e-07	0.000000e+00	2.550000e-01	8.500000e-01	8.500000e-01	2.184874e-05
2.910000e-07	0.000000e+00	3.463896e-14	8.500000e-01	8.500000e-01	9.057505e-05
2.910222e-07	0.000000e+00	0.000000e+00	8.500000e-01	8.500000e-01	-1.016717e-04
2.910665e-07	0.000000e+00	0.000000e+00	8.500000e-01	8.500000e-01	-2.061723e-04
2.911552e-07	0.000000e+00	0.000000e+00	8.500000e-01	8.500000e-01	3.318323e-05
2.913225e-07	0.000000e+00	0.000000e+00	8.500000e-01	8.500000e-01	3.007444e-05
2.914850e-07	0.000000e+00	0.000000e+00	8.500000e-01	8.500000e-01	-5.819553e-06
2.917993e-07	0.000000e+00	0.000000e+00	8.500000e-01	8.500000e-01	1.568839e-07
2.924278e-07	0.000000e+00	0.000000e+00	8.500000e-01	8.500000e-01	3.214332e-06
2.936848e-07	0.000000e+00	0.000000e+00	8.500000e-01	8.500000e-01	-3.000216e-06
2.955000e-07	0.000000e+00	0.000000e+00	8.500000e-01	8.500000e-01	4.681124e-06
2.955500e-07	0.000000e+00	0.000000e+00	8.500000e-01	7.650000e-01	-1.762674e-06
2.956500e-07	0.000000e+00	0.000000e+00	8.500000e-01	5.950000e-01	1.826641e-07
2.958500e-07	0.000000e+00	0.000000e+00	8.500000e-01	2.550000e-01	-2.034165e-06
2.960000e-07	0.000000e+00	0.000000e+00	8.500000e-01	3.741452e-14	6.580862e-06
2.960194e-07	0.000000e+00	0.000000e+00	8.500000e-01	0.000000e+00	-6.688206e-07
2.960582e-07	0.000000e+00	0.000000e+00	8.500000e-01	0.000000e+00	3.729500e-07
2.961358e-07	0.000000e+00	0.000000e+00	8.500000e-01	0.000000e+00	3.076376e-06
2.962910e-07	0.000000e+00	0.000000e+00	8.500000e-01	0.000000e+00	-2.154637e-06
2.964374e-07	0.000000e+00	0.000000e+00	8.500000e-01	0.000000e+00	2.891394e-06
2.967301e-07	0.000000e+00	0.000000e+00	8.500000e-01	0.000000e+00	-1.612877e-06
2.973157e-07	0.000000e+00	0.000000e+00	8.500000e-01	0.000000e+00	2.660789e-06
2.984867e-07	0.000000e+00	0.000000e+00	8.500000e-01	0.000000e+00	-1.499874e-06
3.000000e-07	0.000000e+00	8.999725e-14	8.500000e-01	0.000000e+00	2.594232e-06
