time (time)	v(d) (voltage)	v(clk) (voltage)	v(s) (voltage)	v(r) (voltage)	v(q) (voltage)
0.000000e+00	0.000000e+00	0.000000e+00	0.000000e+00	0.000000e+00	8.499768e-01
1.000000e-12	0.000000e+00	1.700000e-03	0.000000e+00	0.000000e+00	8.500015e-01
2.000000e-12	0.000000e+00	3.400000e-03	0.000000e+00	0.000000e+00	8.500265e-01
4.000000e-12	0.000000e+00	6.800000e-03	0.000000e+00	0.000000e+00	8.500718e-01
8.000000e-12	0.000000e+00	1.360000e-02	0.000000e+00	0.000000e+00	8.501389e-01
1.600000e-11	0.000000e+00	2.720000e-02	0.000000e+00	0.000000e+00	8.502094e-01
3.200000e-11	0.000000e+00	5.440000e-02	0.000000e+00	0.000000e+00	8.502094e-01
6.400000e-11	0.000000e+00	1.088000e-01	0.000000e+00	0.000000e+00	8.500705e-01
1.280000e-10	0.000000e+00	2.176000e-01	0.000000e+00	0.000000e+00	8.499272e-01
2.560000e-10	0.000000e+00	4.352000e-01	0.000000e+00	0.000000e+00	8.498698e-01
4.369778e-10	0.000000e+00	7.428623e-01	0.000000e+00	0.000000e+00	8.497680e-01
5.000000e-10	0.000000e+00	8.500000e-01	0.000000e+00	0.000000e+00	8.503697e-01
5.163692e-10	0.000000e+00	8.500000e-01	0.000000e+00	0.000000e+00	8.502379e-01
5.491077e-10	0.000000e+00	8.500000e-01	0.000000e+00	0.000000e+00	8.500767e-01
6.145847e-10	0.000000e+00	8.500000e-01	0.000000e+00	0.000000e+00	8.500053e-01
7.455386e-10	0.000000e+00	8.500000e-01	0.000000e+00	0.000000e+00	8.499787e-01
1.007446e-09	0.000000e+00	8.500000e-01	0.000000e+00	0.000000e+00	8.499768e-01
1.531262e-09	0.000000e+00	8.500000e-01	0.000000e+00	0.000000e+00	8.499757e-01
2.578894e-09	0.000000e+00	8.500000e-01	0.000000e+00	0.000000e+00	8.499777e-01
4.674156e-09	0.000000e+00	8.500000e-01	0.000000e+00	0.000000e+00	8.499758e-01
8.864682e-09	0.000000e+00	8.500000e-01	0.000000e+00	0.000000e+00	8.499771e-01
1.050000e-08	0.000000e+00	8.500000e-01	0.000000e+00	0.000000e+00	8.499768e-01
1.055000e-08	0.000000e+00	7.650000e-01	0.000000e+00	0.000000e+00	8.499329e-01
1.065000e-08	0.000000e+00	5.950000e-01	0.000000e+00	0.000000e+00	8.499433e-01
1.085000e-08	0.000000e+00	2.550000e-01	0.000000e+00	0.000000e+00	8.500311e-01
1.100000e-08	0.000000e+00	0.000000e+00	0.000000e+00	0.000000e+00	8.501143e-01
1.104000e-08	0.000000e+00	0.000000e+00	0.000000e+00	0.000000e+00	8.501094e-01
1.112000e-08	0.000000e+00	0.000000e+00	0.000000e+00	0.000000e+00	8.498867e-01
1.128000e-08	0.000000e+00	0.000000e+00	0.000000e+00	0.000000e+00	8.498612e-01
1.147519e-08	0.000000e+00	0.000000e+00	0.000000e+00	0.000000e+00	8.500616e-01
1.172242e-08	0.000000e+00	0.000000e+00	0.000000e+00	0.000000e+00	8.499217e-01
1.207452e-08	0.000000e+00	0.000000e+00	0.000000e+00	0.000000e+00	8.500353e-01
1.277871e-08	0.000000e+00	0.000000e+00	0.000000e+00	0.000000e+00	8.499280e-01
1.418710e-08	0.000000e+00	0.000000e+00	0.000000e+00	0.000000e+00	8.500225e-01
1.700387e-08	0.000000e+00	0.000000e+00	0.000000e+00	0.000000e+00	8.499311e-01
2.000000e-08	0.000000e+00	0.000000e+00	0.000000e+00	0.000000e+00	8.500209e-01
2.005000e-08	0.000000e+00	8.500000e-02	8.500000e-02	0.000000e+00	8.630313e-01
2.015000e-08	0.000000e+00	2.550000e-01	2.550000e-01	0.000000e+00	8.733246e-01
2.028771e-08	0.000000e+00	4.891060e-01	4.891060e-01	0.000000e+00	8.454319e-01
2.043288e-08	0.000000e+00	7.359044e-01	7.359044e-01	0.000000e+00	8.602158e-01
2.050000e-08	0.000000e+00	8.500000e-01	8.500000e-01	0.000000e+00	8.590682e-01
2.051516e-08	0.000000e+00	8.500000e-01	8.500000e-01	0.000000e+00	8.562130e-01
2.054547e-08	0.000000e+00	8.500000e-01	8.500000e-01	0.000000e+00	8.525463e-01
2.060610e-08	0.000000e+00	8.500000e-01	8.500000e-01	0.000000e+00	8.505159e-01
2.067172e-08	0.000000e+00	8.500000e-01	8.500000e-01	0.000000e+00	8.500348e-01
2.074507e-08	0.000000e+00	8.500000e-01	8.500000e-01	0.000000e+00	8.499628e-01
2.083850e-08	0.000000e+00	8.500000e-01	8.500000e-01	0.000000e+00	8.499800e-01
2.094318e-08	0.000000e+00	8.500000e-01	8.500000e-01	0.000000e+00	8.499669e-01
2.111307e-08	0.000000e+00	8.500000e-01	8.500000e-01	0.000000e+00	8.499749e-01
2.139114e-08	0.000000e+00	8.500000e-01	8.500000e-01	0.000000e+00	8.499754e-01
2.194729e-08	0.000000e+00	8.500000e-01	8.500000e-01	0.000000e+00	8.499774e-01
2.305960e-08	0.000000e+00	8.500000e-01	8.500000e-01	0.000000e+00	8.499764e-01
2.500000e-08	0.000000e+00	8.500000e-01	8.500000e-01	0.000000e+00	8.499771e-01
2.505000e-08	8.500000e-02	8.500000e-01	8.500000e-01	0.000000e+00	8.500339e-01
2.515000e-08	2.550000e-01	8.500000e-01	8.500000e-01	0.000000e+00	8.500477e-01
2.535000e-08	5.950000e-01	8.500000e-01	8.500000e-01	0.000000e+00	8.500750e-01
2.550000e-08	8.500000e-01	8.500000e-01	8.500000e-01	0.000000e+00	8.499199e-01
2.551937e-08	8.500000e-01	8.500000e-01	8.500000e-01	0.000000e+00	8.498495e-01
2.555812e-08	8.500000e-01	8.500000e-01	8.500000e-01	0.000000e+00	8.498548e-01
2.563560e-08	8.500000e-01	8.500000e-01	8.500000e-01	0.000000e+00	8.499713e-01
2.572488e-08	8.500000e-01	8.500000e-01	8.500000e-01	0.000000e+00	8.499878e-01
2.581817e-08	8.500000e-01	8.500000e-01	8.500000e-01	0.000000e+00	8.499655e-01
2.592323e-08	8.500000e-01	8.500000e-01	8.500000e-01	0.000000e+00	8.500059e-01
2.604226e-08	8.500000e-01	8.500000e-01	8.500000e-01	0.000000e+00	8.499878e-01
2.628033e-08	8.500000e-01	8.500000e-01	8.500000e-01	0.000000e+00	8.499898e-01
2.652939e-08	8.500000e-01	8.500000e-01	8.500000e-01	0.000000e+00	8.499897e-01
2.702752e-08	8.500000e-01	8.500000e-01	8.500000e-01	0.000000e+00	8.499869e-01
2.802377e-08	8.500000e-01	8.500000e-01	8.500000e-01	0.000000e+00	8.499906e-01
3.001628e-08	8.500000e-01	8.500000e-01	8.500000e-01	0.000000e+00	8.499864e-01
3.050000e-08	8.500000e-01	8.500000e-01	8.500000e-01	0.000000e+00	8.499912e-01
3.055000e-08	8.500000e-01	7.650000e-01	8.500000e-01	0.000000e+00	8.499259e-01
3.065000e-08	8.500000e-01	5.950000e-01	8.500000e-01	0.000000e+00	8.499418e-01
3.085000e-08	8.500000e-01	2.550000e-01	8.500000e-01	0.000000e+00	8.500665e-01
3.100000e-08	8.500000e-01	0.000000e+00	8.500000e-01	0.000000e+00	8.501630e-01
3.104000e-08	8.500000e-01	0.000000e+00	8.500000e-01	0.000000e+00	8.501530e-01
3.112000e-08	8.500000e-01	0.000000e+00	8.500000e-01	0.000000e+00	8.498375e-01
3.128000e-08	8.500000e-01	0.000000e+00	8.500000e-01	0.000000e+00	8.498306e-01
3.147505e-08	8.500000e-01	0.000000e+00	8.500000e-01	0.000000e+00	8.501310e-01
3.172225e-08	8.500000e-01	0.000000e+00	8.500000e-01	0.000000e+00	8.499008e-01
3.207424e-08	8.500000e-01	0.000000e+00	8.500000e-01	0.000000e+00	8.500649e-01
3.277822e-08	8.500000e-01	0.000000e+00	8.500000e-01	0.000000e+00	8.499194e-01
3.418618e-08	8.500000e-01	0.000000e+00	8.500000e-01	0.000000e+00	8.500545e-01
3.700211e-08	8.500000e-01	0.000000e+00	8.500000e-01	0.000000e+00	8.499243e-01
4.000000e-08	8.500000e-01	0.000000e+00	8.500000e-01	0.000000e+00	8.500514e-01
4.005000e-08	8.500000e-01	8.500000e-02	8.500000e-01	0.000000e+00	8.502071e-01
4.015000e-08	8.500000e-01	2.550000e-01	8.500000e-01	0.000000e+00	8.499748e-01
4.028823e-08	8.500000e-01	4.899955e-01	8.500000e-01	0.000000e+00	8.496808e-01
4.045499e-08	8.500000e-01	7.734789e-01	8.500000e-01	0.000000e+00	8.499761e-01
4.050000e-08	8.500000e-01	8.500000e-01	8.500000e-01	0.000000e+00	8.504582e-01
4.051878e-08	8.500000e-01	8.500000e-01	8.500000e-01	0.000000e+00	8.502998e-01
4.055635e-08	8.500000e-01	8.500000e-01	8.500000e-01	0.000000e+00	8.501311e-01
4.063149e-08	8.500000e-01	8.500000e-01	8.500000e-01	0.000000e+00	8.500340e-01
4.078177e-08	8.500000e-01	8.500000e-01	8.500000e-01	0.000000e+00	8.499560e-01
4.108232e-08	8.500000e-01	8.500000e-01	8.500000e-01	0.000000e+00	8.499963e-01
4.168342e-08	8.500000e-01	8.500000e-01	8.500000e-01	0.000000e+00	8.499805e-01
4.288563e-08	8.500000e-01	8.500000e-01	8.500000e-01	0.000000e+00	8.499961e-01
4.529005e-08	8.500000e-01	8.500000e-01	8.500000e-01	0.000000e+00	8.499814e-01
4.550000e-08	8.500000e-01	8.500000e-01	8.500000e-01	0.000000e+00	8.499932e-01
4.555000e-08	7.650000e-01	8.500000e-01	8.500000e-01	0.000000e+00	8.498336e-01
4.565000e-08	5.950000e-01	8.500000e-01	8.500000e-01	0.000000e+00	8.499136e-01
4.585000e-08	2.550000e-01	8.500000e-01	8.500000e-01	0.000000e+00	8.499568e-01
4.600000e-08	3.663736e-15	8.500000e-01	8.500000e-01	0.000000e+00	8.501576e-01
4.602746e-08	0.000000e+00	8.500000e-01	8.500000e-01	0.000000e+00	8.501037e-01
4.608239e-08	0.000000e+00	8.500000e-01	8.500000e-01	0.000000e+00	8.500325e-01
4.614439e-08	0.000000e+00	8.500000e-01	8.500000e-01	0.000000e+00	8.499945e-01
4.621518e-08	0.000000e+00	8.500000e-01	8.500000e-01	0.000000e+00	8.499807e-01
4.628848e-08	0.000000e+00	8.500000e-01	8.500000e-01	0.000000e+00	8.499597e-01
4.638688e-08	0.000000e+00	8.500000e-01	8.500000e-01	0.000000e+00	8.499946e-01
4.649528e-08	0.000000e+00	8.500000e-01	8.500000e-01	0.000000e+00	8.499691e-01
4.666753e-08	0.000000e+00	8.500000e-01	8.500000e-01	0.000000e+00	8.499812e-01
4.697020e-08	0.000000e+00	8.500000e-01	8.500000e-01	0.000000e+00	8.499733e-01
4.757553e-08	0.000000e+00	8.500000e-01	8.500000e-01	0.000000e+00	8.499797e-01
4.878620e-08	0.000000e+00	8.500000e-01	8.500000e-01	0.000000e+00	8.499741e-01
5.050000e-08	0.000000e+00	8.500000e-01	8.500000e-01	0.000000e+00	8.499793e-01
5.055000e-08	0.000000e+00	7.650000e-01	8.500000e-01	0.000000e+00	8.499153e-01
5.065000e-08	0.000000e+00	5.950000e-01	8.500000e-01	0.000000e+00	8.499302e-01
5.085000e-08	0.000000e+00	2.550000e-01	8.500000e-01	0.000000e+00	8.500620e-01
5.100000e-08	0.000000e+00	1.221245e-14	8.500000e-01	0.000000e+00	8.501722e-01
5.104000e-08	0.000000e+00	0.000000e+00	8.500000e-01	0.000000e+00	8.500675e-01
5.112000e-08	0.000000e+00	0.000000e+00	8.500000e-01	0.000000e+00	8.498085e-01
5.122339e-08	0.000000e+00	0.000000e+00	8.500000e-01	0.000000e+00	8.498012e-01
5.131823e-08	0.000000e+00	0.000000e+00	8.500000e-01	0.000000e+00	8.500460e-01
5.142137e-08	0.000000e+00	0.000000e+00	8.500000e-01	0.000000e+00	8.499576e-01
5.156736e-08	0.000000e+00	0.000000e+00	8.500000e-01	0.000000e+00	8.500153e-01
5.171650e-08	0.000000e+00	0.000000e+00	8.500000e-01	0.000000e+00	8.499680e-01
5.193399e-08	0.000000e+00	0.000000e+00	8.500000e-01	0.000000e+00	8.499850e-01
5.236898e-08	0.000000e+00	0.000000e+00	8.500000e-01	0.000000e+00	8.499710e-01
5.323895e-08	0.000000e+00	0.000000e+00	8.500000e-01	0.000000e+00	8.499817e-01
5.450559e-08	0.000000e+00	0.000000e+00	8.500000e-01	0.000000e+00	8.499723e-01
5.703887e-08	0.000000e+00	0.000000e+00	8.500000e-01	0.000000e+00	8.499811e-01
6.000000e-08	0.000000e+00	0.000000e+00	8.500000e-01	0.000000e+00	8.499727e-01
6.005000e-08	0.000000e+00	8.500000e-02	8.500000e-01	0.000000e+00	8.501783e-01
6.015000e-08	0.000000e+00	2.550000e-01	8.500000e-01	0.000000e+00	8.498595e-01
6.029276e-08	0.000000e+00	4.976947e-01	8.500000e-01	0.000000e+00	8.482841e-01
6.046308e-08	0.000000e+00	7.872356e-01	8.500000e-01	0.000000e+00	8.685379e-01
6.050000e-08	0.000000e+00	8.500000e-01	8.500000e-01	0.000000e+00	8.751069e-01
6.051732e-08	0.000000e+00	8.500000e-01	8.500000e-01	0.000000e+00	8.720063e-01
6.055195e-08	0.000000e+00	8.500000e-01	8.500000e-01	0.000000e+00	8.509183e-01
6.062122e-08	0.000000e+00	8.500000e-01	8.500000e-01	0.000000e+00	6.283412e-01
6.071881e-08	0.000000e+00	8.500000e-01	8.500000e-01	0.000000e+00	5.333787e-02
6.082412e-08	0.000000e+00	8.500000e-01	8.500000e-01	0.000000e+00	-7.496242e-03
6.096267e-08	0.000000e+00	8.500000e-01	8.500000e-01	0.000000e+00	9.887508e-03
6.117358e-08	0.000000e+00	8.500000e-01	8.500000e-01	0.000000e+00	-6.125106e-03
6.139185e-08	0.000000e+00	8.500000e-01	8.500000e-01	0.000000e+00	5.306615e-03
6.182838e-08	0.000000e+00	8.500000e-01	8.500000e-01	0.000000e+00	-4.851400e-03
6.235404e-08	0.000000e+00	8.500000e-01	8.500000e-01	0.000000e+00	4.535135e-03
6.340535e-08	0.000000e+00	8.500000e-01	8.500000e-01	0.000000e+00	-4.365751e-03
6.500000e-08	0.000000e+00	8.500000e-01	8.500000e-01	0.000000e+00	4.277291e-03
6.505000e-08	8.500000e-02	8.500000e-01	8.500000e-01	0.000000e+00	7.541713e-04
6.515000e-08	2.550000e-01	8.500000e-01	8.500000e-01	0.000000e+00	-4.853855e-04
6.535000e-08	5.950000e-01	8.500000e-01	8.500000e-01	0.000000e+00	4.458818e-04
6.550000e-08	8.500000e-01	8.500000e-01	8.500000e-01	0.000000e+00	-3.579290e-04
6.551943e-08	8.500000e-01	8.500000e-01	8.500000e-01	0.000000e+00	-1.613886e-04
6.555829e-08	8.500000e-01	8.500000e-01	8.500000e-01	0.000000e+00	1.978255e-05
6.563602e-08	8.500000e-01	8.500000e-01	8.500000e-01	0.000000e+00	-7.490208e-06
6.572562e-08	8.500000e-01	8.500000e-01	8.500000e-01	0.000000e+00	6.455593e-07
6.581919e-08	8.500000e-01	8.500000e-01	8.500000e-01	0.000000e+00	-6.086690e-06
6.592479e-08	8.500000e-01	8.500000e-01	8.500000e-01	0.000000e+00	8.420747e-06
6.604403e-08	8.500000e-01	8.500000e-01	8.500000e-01	0.000000e+00	-1.940518e-06
6.628250e-08	8.500000e-01	8.500000e-01	8.500000e-01	0.000000e+00	5.749343e-06
6.653167e-08	8.500000e-01	8.500000e-01	8.500000e-01	0.000000e+00	4.536661e-08
6.703003e-08	8.500000e-01	8.500000e-01	8.500000e-01	0.000000e+00	4.445749e-06
6.802673e-08	8.500000e-01	8.500000e-01	8.500000e-01	0.000000e+00	6.146247e-07
7.002013e-08	8.500000e-01	8.500000e-01	8.500000e-01	0.000000e+00	4.215767e-06
7.050000e-08	8.500000e-01	8.500000e-01	8.500000e-01	0.000000e+00	1.028564e-06
7.055000e-08	8.500000e-01	7.650000e-01	8.500000e-01	0.000000e+00	-5.581201e-05
7.065000e-08	8.500000e-01	5.950000e-01	8.500000e-01	0.000000e+00	2.309555e-05
7.085000e-08	8.500000e-01	2.550000e-01	8.500000e-01	0.000000e+00	-3.842388e-06
7.100000e-08	8.500000e-01	1.221245e-14	8.500000e-01	0.000000e+00	1.741494e-04
7.104000e-08	8.500000e-01	0.000000e+00	8.500000e-01	0.000000e+00	1.214573e-04
7.112000e-08	8.500000e-01	0.000000e+00	8.500000e-01	0.000000e+00	-1.509501e-04
7.122591e-08	8.500000e-01	0.000000e+00	8.500000e-01	0.000000e+00	-1.150803e-04
7.134412e-08	8.500000e-01	0.000000e+00	8.500000e-01	0.000000e+00	7.785073e-05
7.145649e-08	8.500000e-01	0.000000e+00	8.500000e-01	0.000000e+00	-2.500040e-05
7.158072e-08	8.500000e-01	0.000000e+00	8.500000e-01	0.000000e+00	2.090983e-05
7.170948e-08	8.500000e-01	0.000000e+00	8.500000e-01	0.000000e+00	3.999360e-06
7.185881e-08	8.500000e-01	0.000000e+00	8.500000e-01	0.000000e+00	8.770251e-06
7.214215e-08	8.500000e-01	0.000000e+00	8.500000e-01	0.000000e+00	-1.922320e-06
7.242616e-08	8.500000e-01	0.000000e+00	8.500000e-01	0.000000e+00	7.098938e-06
7.299418e-08	8.500000e-01	0.000000e+00	8.500000e-01	0.000000e+00	-2.351735e-06
7.407939e-08	8.500000e-01	0.000000e+00	8.500000e-01	0.000000e+00	7.303390e-06
7.624981e-08	8.500000e-01	0.000000e+00	8.500000e-01	0.000000e+00	-2.448992e-06
8.000000e-08	8.500000e-01	0.000000e+00	8.500000e-01	0.000000e+00	7.352204e-06
8.005000e-08	8.500000e-01	8.500000e-02	8.500000e-01	0.000000e+00	3.917954e-05
8.015000e-08	8.500000e-01	2.550000e-01	8.500000e-01	0.000000e+00	4.903700e-05
8.029141e-08	8.500000e-01	4.954001e-01	8.500000e-01	0.000000e+00	1.254975e-04
8.046343e-08	8.500000e-01	7.878340e-01	8.500000e-01	0.000000e+00	-1.528229e-03
8.050000e-08	8.500000e-01	8.500000e-01	8.500000e-01	0.000000e+00	-4.512082e-03
8.051993e-08	8.500000e-01	8.500000e-01	8.161142e-01	0.000000e+00	-8.113109e-03
8.055980e-08	8.500000e-01	8.500000e-01	7.483425e-01	0.000000e+00	-1.425042e-02
8.063789e-08	8.500000e-01	8.500000e-01	6.155874e-01	0.000000e+00	-1.193952e-02
8.076691e-08	8.500000e-01	8.500000e-01	3.962577e-01	0.000000e+00	5.784299e-01
8.089791e-08	8.500000e-01	8.500000e-01	1.735463e-01	0.000000e+00	8.233045e-01
8.100000e-08	8.500000e-01	8.500000e-01	0.000000e+00	0.000000e+00	8.449362e-01
8.102031e-08	8.500000e-01	8.500000e-01	0.000000e+00	0.000000e+00	8.515379e-01
8.106094e-08	8.500000e-01	8.500000e-01	0.000000e+00	0.000000e+00	8.598470e-01
8.114219e-08	8.500000e-01	8.500000e-01	0.000000e+00	0.000000e+00	8.604912e-01
8.126756e-08	8.500000e-01	8.500000e-01	0.000000e+00	0.000000e+00	8.553600e-01
8.145721e-08	8.500000e-01	8.500000e-01	0.000000e+00	0.000000e+00	8.515899e-01
8.168713e-08	8.500000e-01	8.500000e-01	0.000000e+00	0.000000e+00	8.503163e-01
8.214698e-08	8.500000e-01	8.500000e-01	0.000000e+00	0.000000e+00	8.499477e-01
8.306668e-08	8.500000e-01	8.500000e-01	0.000000e+00	0.000000e+00	8.500047e-01
8.490606e-08	8.500000e-01	8.500000e-01	0.000000e+00	0.000000e+00	8.499778e-01
8.550000e-08	8.500000e-01	8.500000e-01	0.000000e+00	0.000000e+00	8.499888e-01
8.555000e-08	7.650000e-01	8.500000e-01	0.000000e+00	0.000000e+00	8.498976e-01
8.565000e-08	5.950000e-01	8.500000e-01	0.000000e+00	0.000000e+00	8.498541e-01
8.585000e-08	2.550000e-01	8.500000e-01	0.000000e+00	0.000000e+00	8.499323e-01
8.600000e-08	2.053913e-14	8.500000e-01	0.000000e+00	0.000000e+00	8.499462e-01
8.604000e-08	0.000000e+00	8.500000e-01	0.000000e+00	0.000000e+00	8.500174e-01
8.612000e-08	0.000000e+00	8.500000e-01	0.000000e+00	0.000000e+00	8.500952e-01
8.628000e-08	0.000000e+00	8.500000e-01	0.000000e+00	0.000000e+00	8.500327e-01
8.660000e-08	0.000000e+00	8.500000e-01	0.000000e+00	0.000000e+00	8.499802e-01
8.724000e-08	0.000000e+00	8.500000e-01	0.000000e+00	0.000000e+00	8.499734e-01
8.852000e-08	0.000000e+00	8.500000e-01	0.000000e+00	0.000000e+00	8.499710e-01
9.050000e-08	0.000000e+00	8.500000e-01	0.000000e+00	0.000000e+00	8.499803e-01
9.055000e-08	0.000000e+00	7.650000e-01	0.000000e+00	0.000000e+00	8.499463e-01
9.065000e-08	0.000000e+00	5.950000e-01	0.000000e+00	0.000000e+00	8.499696e-01
9.085000e-08	0.000000e+00	2.550000e-01	0.000000e+00	0.000000e+00	8.500611e-01
9.100000e-08	0.000000e+00	1.221245e-14	0.000000e+00	0.000000e+00	8.501423e-01
9.104000e-08	0.000000e+00	0.000000e+00	0.000000e+00	0.000000e+00	8.501497e-01
9.112000e-08	0.000000e+00	0.000000e+00	0.000000e+00	0.000000e+00	8.499522e-01
9.128000e-08	0.000000e+00	0.000000e+00	0.000000e+00	0.000000e+00	8.499280e-01
9.147520e-08	0.000000e+00	0.000000e+00	0.000000e+00	0.000000e+00	8.500802e-01
9.172242e-08	0.000000e+00	0.000000e+00	0.000000e+00	0.000000e+00	8.499229e-01
9.207452e-08	0.000000e+00	0.000000e+00	0.000000e+00	0.000000e+00	8.500305e-01
9.277871e-08	0.000000e+00	0.000000e+00	0.000000e+00	0.000000e+00	8.499275e-01
9.418709e-08	0.000000e+00	0.000000e+00	0.000000e+00	0.000000e+00	8.500238e-01
9.700386e-08	0.000000e+00	0.000000e+00	0.000000e+00	0.000000e+00	8.499322e-01
1.000000e-07	0.000000e+00	0.000000e+00	0.000000e+00	0.000000e+00	8.500207e-01
1.000500e-07	0.000000e+00	8.500000e-02	0.000000e+00	0.000000e+00	8.501289e-01
1.001500e-07	0.000000e+00	2.550000e-01	0.000000e+00	0.000000e+00	8.499852e-01
1.002882e-07	0.000000e+00	4.899937e-01	0.000000e+00	0.000000e+00	8.497684e-01
1.004550e-07	0.000000e+00	7.734758e-01	0.000000e+00	0.000000e+00	8.499611e-01
1.005000e-07	0.000000e+00	8.500000e-01	0.000000e+00	0.000000e+00	8.502879e-01
1.005188e-07	0.000000e+00	8.500000e-01	0.000000e+00	0.000000e+00	8.501706e-01
1.005564e-07	0.000000e+00	8.500000e-01	0.000000e+00	0.000000e+00	8.500567e-01
1.006315e-07	0.000000e+00	8.500000e-01	0.000000e+00	0.000000e+00	8.500180e-01
1.007818e-07	0.000000e+00	8.500000e-01	0.000000e+00	0.000000e+00	8.499490e-01
1.010823e-07	0.000000e+00	8.500000e-01	0.000000e+00	0.000000e+00	8.499859e-01
1.016834e-07	0.000000e+00	8.500000e-01	0.000000e+00	0.000000e+00	8.499695e-01
1.028856e-07	0.000000e+00	8.500000e-01	0.000000e+00	0.000000e+00	8.499865e-01
1.050000e-07	0.000000e+00	8.500000e-01	0.000000e+00	0.000000e+00	8.499692e-01
1.050500e-07	8.500000e-02	8.500000e-01	0.000000e+00	0.000000e+00	8.500674e-01
1.051500e-07	2.550000e-01	8.500000e-01	0.000000e+00	0.000000e+00	8.501073e-01
1.053500e-07	5.950000e-01	8.500000e-01	0.000000e+00	0.000000e+00	8.500185e-01
1.055000e-07	8.500000e-01	8.500000e-01	0.000000e+00	0.000000e+00	8.500346e-01
1.055400e-07	8.500000e-01	8.500000e-01	0.000000e+00	0.000000e+00	8.499440e-01
1.056200e-07	8.500000e-01	8.500000e-01	0.000000e+00	0.000000e+00	8.498838e-01
1.057800e-07	8.500000e-01	8.500000e-01	0.000000e+00	0.000000e+00	8.499519e-01
1.061000e-07	8.500000e-01	8.500000e-01	0.000000e+00	0.000000e+00	8.499675e-01
1.067400e-07	8.500000e-01	8.500000e-01	0.000000e+00	0.000000e+00	8.499946e-01
1.080200e-07	8.500000e-01	8.500000e-01	0.000000e+00	0.000000e+00	8.499849e-01
1.105000e-07	8.500000e-01	8.500000e-01	0.000000e+00	0.000000e+00	8.499931e-01
1.105500e-07	8.500000e-01	7.650000e-01	0.000000e+00	0.000000e+00	8.499484e-01
1.106500e-07	8.500000e-01	5.950000e-01	0.000000e+00	0.000000e+00	8.499536e-01
1.108500e-07	8.500000e-01	2.550000e-01	0.000000e+00	0.000000e+00	8.500386e-01
1.110000e-07	8.500000e-01	1.221245e-14	0.000000e+00	0.000000e+00	8.501230e-01
1.110400e-07	8.500000e-01	0.000000e+00	0.000000e+00	0.000000e+00	8.501189e-01
1.111200e-07	8.500000e-01	0.000000e+00	0.000000e+00	0.000000e+00	8.498981e-01
1.112800e-07	8.500000e-01	0.000000e+00	0.000000e+00	0.000000e+00	8.498674e-01
1.114752e-07	8.500000e-01	0.000000e+00	0.000000e+00	0.000000e+00	8.500717e-01
1.117224e-07	8.500000e-01	0.000000e+00	0.000000e+00	0.000000e+00	8.499324e-01
1.120745e-07	8.500000e-01	0.000000e+00	0.000000e+00	0.000000e+00	8.500379e-01
1.127787e-07	8.500000e-01	0.000000e+00	0.000000e+00	0.000000e+00	8.499405e-01
1.141871e-07	8.500000e-01	0.000000e+00	0.000000e+00	0.000000e+00	8.500318e-01
1.170038e-07	8.500000e-01	0.000000e+00	0.000000e+00	0.000000e+00	8.499443e-01
1.200000e-07	8.500000e-01	0.000000e+00	0.000000e+00	0.000000e+00	8.500315e-01
1.200500e-07	8.500000e-01	8.500000e-02	0.000000e+00	0.000000e+00	8.501444e-01
1.201500e-07	8.500000e-01	2.550000e-01	0.000000e+00	0.000000e+00	8.500020e-01
1.202882e-07	8.500000e-01	4.899938e-01	0.000000e+00	0.000000e+00	8.497854e-01
1.204550e-07	8.500000e-01	7.734758e-01	0.000000e+00	0.000000e+00	8.499630e-01
1.205000e-07	8.500000e-01	8.500000e-01	0.000000e+00	0.000000e+00	8.502835e-01
1.205188e-07	8.500000e-01	8.500000e-01	0.000000e+00	0.000000e+00	8.501689e-01
1.205564e-07	8.500000e-01	8.500000e-01	0.000000e+00	0.000000e+00	8.500634e-01
1.206315e-07	8.500000e-01	8.500000e-01	0.000000e+00	0.000000e+00	8.500321e-01
1.207818e-07	8.500000e-01	8.500000e-01	0.000000e+00	0.000000e+00	8.499673e-01
1.210823e-07	8.500000e-01	8.500000e-01	0.000000e+00	0.000000e+00	8.500008e-01
1.216834e-07	8.500000e-01	8.500000e-01	0.000000e+00	0.000000e+00	8.499775e-01
1.228856e-07	8.500000e-01	8.500000e-01	0.000000e+00	0.000000e+00	8.499985e-01
1.252900e-07	8.500000e-01	8.500000e-01	0.000000e+00	0.000000e+00	8.499793e-01
1.255000e-07	8.500000e-01	8.500000e-01	0.000000e+00	0.000000e+00	8.499934e-01
1.255500e-07	7.650000e-01	8.500000e-01	0.000000e+00	0.000000e+00	8.499006e-01
1.256500e-07	5.950000e-01	8.500000e-01	0.000000e+00	0.000000e+00	8.498552e-01
1.258500e-07	2.550000e-01	8.500000e-01	0.000000e+00	0.000000e+00	8.499236e-01
1.260000e-07	0.000000e+00	8.500000e-01	0.000000e+00	0.000000e+00	8.499386e-01
1.260400e-07	0.000000e+00	8.500000e-01	0.000000e+00	0.000000e+00	8.500129e-01
1.261200e-07	0.000000e+00	8.500000e-01	0.000000e+00	0.000000e+00	8.500970e-01
1.262800e-07	0.000000e+00	8.500000e-01	0.000000e+00	0.000000e+00	8.500431e-01
1.266000e-07	0.000000e+00	8.500000e-01	0.000000e+00	0.000000e+00	8.499843e-01
1.272400e-07	0.000000e+00	8.500000e-01	0.000000e+00	0.000000e+00	8.499724e-01
1.285200e-07	0.000000e+00	8.500000e-01	0.000000e+00	0.000000e+00	8.499744e-01
1.305000e-07	0.000000e+00	8.500000e-01	0.000000e+00	0.000000e+00	8.499776e-01
1.305500e-07	0.000000e+00	7.650000e-01	0.000000e+00	0.000000e+00	8.499409e-01
1.306500e-07	0.000000e+00	5.950000e-01	0.000000e+00	0.000000e+00	8.499604e-01
1.308500e-07	0.000000e+00	2.550000e-01	0.000000e+00	0.000000e+00	8.500515e-01
1.310000e-07	0.000000e+00	0.000000e+00	0.000000e+00	0.000000e+00	8.501334e-01
1.310400e-07	0.000000e+00	0.000000e+00	0.000000e+00	0.000000e+00	8.501376e-01
1.311200e-07	0.000000e+00	0.000000e+00	0.000000e+00	0.000000e+00	8.499368e-01
1.312800e-07	0.000000e+00	0.000000e+00	0.000000e+00	0.000000e+00	8.499105e-01
1.314752e-07	0.000000e+00	0.000000e+00	0.000000e+00	0.000000e+00	8.500953e-01
1.317224e-07	0.000000e+00	0.000000e+00	0.000000e+00	0.000000e+00	8.499529e-01
1.320745e-07	0.000000e+00	0.000000e+00	0.000000e+00	0.000000e+00	8.500528e-01
1.327787e-07	0.000000e+00	0.000000e+00	0.000000e+00	0.000000e+00	8.499442e-01
1.341871e-07	0.000000e+00	0.000000e+00	0.000000e+00	0.000000e+00	8.500121e-01
1.370038e-07	0.000000e+00	0.000000e+00	0.000000e+00	0.000000e+00	8.499400e-01
1.400000e-07	0.000000e+00	0.000000e+00	0.000000e+00	0.000000e+00	8.500138e-01
1.400500e-07	0.000000e+00	8.500000e-02	8.500000e-02	0.000000e+00	8.630216e-01
1.401500e-07	0.000000e+00	2.550000e-01	2.550000e-01	0.000000e+00	8.733192e-01
1.402877e-07	0.000000e+00	4.890971e-01	4.890971e-01	0.000000e+00	8.454312e-01
1.404329e-07	0.000000e+00	7.358898e-01	7.358898e-01	0.000000e+00	8.602148e-01
1.405000e-07	0.000000e+00	8.500000e-01	8.500000e-01	0.000000e+00	8.590680e-01
1.405152e-07	0.000000e+00	8.500000e-01	8.500000e-01	0.000000e+00	8.562130e-01
1.405455e-07	0.000000e+00	8.500000e-01	8.500000e-01	0.000000e+00	8.525463e-01
1.406061e-07	0.000000e+00	8.500000e-01	8.500000e-01	0.000000e+00	8.505159e-01
1.406717e-07	0.000000e+00	8.500000e-01	8.500000e-01	0.000000e+00	8.500348e-01
1.407451e-07	0.000000e+00	8.500000e-01	8.500000e-01	0.000000e+00	8.499628e-01
1.408385e-07	0.000000e+00	8.500000e-01	8.500000e-01	0.000000e+00	8.499800e-01
1.409432e-07	0.000000e+00	8.500000e-01	8.500000e-01	0.000000e+00	8.499669e-01
1.411131e-07	0.000000e+00	8.500000e-01	8.500000e-01	0.000000e+00	8.499749e-01
1.413911e-07	0.000000e+00	8.500000e-01	8.500000e-01	0.000000e+00	8.499754e-01
1.419473e-07	0.000000e+00	8.500000e-01	8.500000e-01	0.000000e+00	8.499774e-01
1.430596e-07	0.000000e+00	8.500000e-01	8.500000e-01	0.000000e+00	8.499764e-01
1.450000e-07	0.000000e+00	8.500000e-01	8.500000e-01	0.000000e+00	8.499771e-01
1.450500e-07	8.500000e-02	8.500000e-01	8.500000e-01	8.500000e-02	8.500340e-01
1.451500e-07	2.550000e-01	8.500000e-01	8.500000e-01	2.550000e-01	8.500476e-01
1.452893e-07	4.917978e-01	8.500000e-01	8.500000e-01	4.917978e-01	8.500989e-01
1.454327e-07	7.355224e-01	8.500000e-01	8.500000e-01	7.355224e-01	8.499577e-01
1.455000e-07	8.500000e-01	8.500000e-01	8.500000e-01	8.500000e-01	8.500444e-01
1.455156e-07	8.500000e-01	8.500000e-01	8.500000e-01	8.500000e-01	8.498988e-01
1.455469e-07	8.500000e-01	8.500000e-01	8.500000e-01	8.500000e-01	8.498038e-01
1.456095e-07	8.500000e-01	8.500000e-01	8.500000e-01	8.500000e-01	8.499250e-01
1.457346e-07	8.500000e-01	8.500000e-01	8.500000e-01	8.500000e-01	8.500121e-01
1.459848e-07	8.500000e-01	8.500000e-01	8.500000e-01	8.500000e-01	8.499672e-01
1.464036e-07	8.500000e-01	8.500000e-01	8.500000e-01	8.500000e-01	8.500023e-01
1.471295e-07	8.500000e-01	8.500000e-01	8.500000e-01	8.500000e-01	8.499772e-01
1.485813e-07	8.500000e-01	8.500000e-01	8.500000e-01	8.500000e-01	8.499993e-01
1.505000e-07	8.500000e-01	8.500000e-01	8.500000e-01	8.500000e-01	8.499789e-01
1.505500e-07	8.500000e-01	7.650000e-01	8.500000e-01	8.500000e-01	8.499218e-01
1.506500e-07	8.500000e-01	5.950000e-01	8.500000e-01	8.500000e-01	8.499422e-01
1.508500e-07	8.500000e-01	2.550000e-01	8.500000e-01	8.500000e-01	8.500739e-01
1.510000e-07	8.500000e-01	0.000000e+00	8.500000e-01	8.500000e-01	8.501849e-01
1.510400e-07	8.500000e-01	0.000000e+00	8.500000e-01	8.500000e-01	8.500771e-01
1.511200e-07	8.500000e-01	0.000000e+00	8.500000e-01	8.500000e-01	8.498223e-01
1.512234e-07	8.500000e-01	0.000000e+00	8.500000e-01	8.500000e-01	8.498119e-01
1.513182e-07	8.500000e-01	0.000000e+00	8.500000e-01	8.500000e-01	8.500579e-01
1.514214e-07	8.500000e-01	0.000000e+00	8.500000e-01	8.500000e-01	8.499634e-01
1.515674e-07	8.500000e-01	0.000000e+00	8.500000e-01	8.500000e-01	8.500293e-01
1.517165e-07	8.500000e-01	0.000000e+00	8.500000e-01	8.500000e-01	8.499790e-01
1.519340e-07	8.500000e-01	0.000000e+00	8.500000e-01	8.500000e-01	8.499973e-01
1.523690e-07	8.500000e-01	0.000000e+00	8.500000e-01	8.500000e-01	8.499827e-01
1.532390e-07	8.500000e-01	0.000000e+00	8.500000e-01	8.500000e-01	8.499936e-01
1.545056e-07	8.500000e-01	0.000000e+00	8.500000e-01	8.500000e-01	8.499841e-01
1.570389e-07	8.500000e-01	0.000000e+00	8.500000e-01	8.500000e-01	8.499929e-01
1.600000e-07	8.500000e-01	0.000000e+00	8.500000e-01	8.500000e-01	8.499845e-01
1.600500e-07	8.500000e-01	8.500000e-02	8.500000e-01	8.500000e-01	8.501910e-01
1.601500e-07	8.500000e-01	2.550000e-01	8.500000e-01	8.500000e-01	8.498731e-01
1.602928e-07	8.500000e-01	4.976947e-01	8.500000e-01	8.500000e-01	8.483013e-01
1.604631e-07	8.500000e-01	7.872355e-01	8.500000e-01	8.500000e-01	8.685450e-01
1.605000e-07	8.500000e-01	8.500000e-01	8.500000e-01	8.500000e-01	8.751595e-01
1.605173e-07	8.500000e-01	8.500000e-01	8.500000e-01	8.500000e-01	8.720433e-01
1.605520e-07	8.500000e-01	8.500000e-01	8.500000e-01	8.500000e-01	8.509292e-01
1.606212e-07	8.500000e-01	8.500000e-01	8.500000e-01	8.500000e-01	6.280181e-01
1.607188e-07	8.500000e-01	8.500000e-01	8.500000e-01	8.500000e-01	5.337978e-02
1.608240e-07	8.500000e-01	8.500000e-01	8.500000e-01	8.500000e-01	-7.472923e-03
1.609626e-07	8.500000e-01	8.500000e-01	8.500000e-01	8.500000e-01	9.881915e-03
1.611734e-07	8.500000e-01	8.500000e-01	8.500000e-01	8.500000e-01	-6.113966e-03
1.613916e-07	8.500000e-01	8.500000e-01	8.500000e-01	8.500000e-01	5.307084e-03
1.618279e-07	8.500000e-01	8.500000e-01	8.500000e-01	8.500000e-01	-4.848506e-03
1.623532e-07	8.500000e-01	8.500000e-01	8.500000e-01	8.500000e-01	4.533460e-03
1.634038e-07	8.500000e-01	8.500000e-01	8.500000e-01	8.500000e-01	-4.360008e-03
1.650910e-07	8.500000e-01	8.500000e-01	8.500000e-01	8.500000e-01	4.282209e-03
1.655000e-07	8.500000e-01	8.500000e-01	8.500000e-01	8.500000e-01	-3.897738e-03
1.655500e-07	7.650000e-01	8.500000e-01	8.500000e-01	8.500000e-01	-6.048702e-04
1.656500e-07	5.950000e-01	8.500000e-01	8.500000e-01	8.500000e-01	3.893877e-04
1.658500e-07	2.550000e-01	8.500000e-01	8.500000e-01	8.500000e-01	-3.354941e-04
1.660000e-07	0.000000e+00	8.500000e-01	8.500000e-01	8.500000e-01	3.182716e-04
1.660270e-07	0.000000e+00	8.500000e-01	8.500000e-01	8.500000e-01	8.185945e-05
1.660809e-07	0.000000e+00	8.500000e-01	8.500000e-01	8.500000e-01	-4.654701e-05
1.661888e-07	0.000000e+00	8.500000e-01	8.500000e-01	8.500000e-01	3.770280e-05
1.664047e-07	0.000000e+00	8.500000e-01	8.500000e-01	8.500000e-01	-3.365332e-05
1.667648e-07	0.000000e+00	8.500000e-01	8.500000e-01	8.500000e-01	3.162036e-05
1.674850e-07	0.000000e+00	8.500000e-01	8.500000e-01	8.500000e-01	-3.033580e-05
1.689255e-07	0.000000e+00	8.500000e-01	8.500000e-01	8.500000e-01	2.998817e-05
1.705000e-07	0.000000e+00	8.500000e-01	8.500000e-01	8.500000e-01	-2.931559e-05
1.705500e-07	0.000000e+00	7.650000e-01	8.500000e-01	8.500000e-01	-6.029565e-05
1.706500e-07	0.000000e+00	5.950000e-01	8.500000e-01	8.500000e-01	2.327301e-05
1.708500e-07	0.000000e+00	2.550000e-01	8.500000e-01	8.500000e-01	-5.279248e-06
1.710000e-07	0.000000e+00	0.000000e+00	8.500000e-01	8.500000e-01	1.959707e-04
1.710400e-07	0.000000e+00	0.000000e+00	8.500000e-01	8.500000e-01	9.008665e-05
1.711200e-07	0.000000e+00	0.000000e+00	8.500000e-01	8.500000e-01	-2.012969e-04
1.712800e-07	0.000000e+00	0.000000e+00	8.500000e-01	8.500000e-01	-7.903278e-06
1.714756e-07	0.000000e+00	0.000000e+00	8.500000e-01	8.500000e-01	4.014927e-05
1.717217e-07	0.000000e+00	0.000000e+00	8.500000e-01	8.500000e-01	-1.352834e-05
1.720781e-07	0.000000e+00	0.000000e+00	8.500000e-01	8.500000e-01	1.190827e-05
1.727908e-07	0.000000e+00	0.000000e+00	8.500000e-01	8.500000e-01	-1.079156e-05
1.742163e-07	0.000000e+00	0.000000e+00	8.500000e-01	8.500000e-01	1.053095e-05
1.770673e-07	0.000000e+00	0.000000e+00	8.500000e-01	8.500000e-01	-1.012757e-05
1.800000e-07	0.000000e+00	0.000000e+00	8.500000e-01	8.500000e-01	1.010307e-05
1.800500e-07	0.000000e+00	8.500000e-02	8.500000e-01	8.500000e-01	3.900557e-05
1.801500e-07	0.000000e+00	2.550000e-01	8.500000e-01	8.500000e-01	-1.204660e-05
1.802883e-07	0.000000e+00	4.900731e-01	8.500000e-01	8.500000e-01	-1.268280e-04
1.804550e-07	0.000000e+00	7.735282e-01	8.500000e-01	8.500000e-01	1.717141e-04
1.805000e-07	0.000000e+00	8.500000e-01	8.500000e-01	8.500000e-01	2.560573e-04
1.805188e-07	0.000000e+00	8.500000e-01	8.500000e-01	8.500000e-01	-1.954942e-05
1.805564e-07	0.000000e+00	8.500000e-01	8.500000e-01	8.500000e-01	-1.292458e-04
1.806315e-07	0.000000e+00	8.500000e-01	8.500000e-01	8.500000e-01	4.290091e-05
1.807818e-07	0.000000e+00	8.500000e-01	8.500000e-01	8.500000e-01	-4.496060e-05
1.810823e-07	0.000000e+00	8.500000e-01	8.500000e-01	8.500000e-01	4.068395e-05
1.816834e-07	0.000000e+00	8.500000e-01	8.500000e-01	8.500000e-01	-3.835782e-05
1.828856e-07	0.000000e+00	8.500000e-01	8.500000e-01	8.500000e-01	3.758864e-05
1.850000e-07	0.000000e+00	8.500000e-01	8.500000e-01	8.500000e-01	-3.687441e-05
1.850500e-07	8.500000e-02	8.500000e-01	8.500000e-01	8.500000e-01	2.980283e-05
1.851500e-07	2.550000e-01	8.500000e-01	8.500000e-01	8.500000e-01	1.014711e-05
1.853500e-07	5.950000e-01	8.500000e-01	8.500000e-01	8.500000e-01	3.450068e-05
1.855000e-07	8.500000e-01	8.500000e-01	8.500000e-01	8.500000e-01	-3.393610e-05
1.855339e-07	8.500000e-01	8.500000e-01	8.500000e-01	8.500000e-01	-4.851420e-05
1.856016e-07	8.500000e-01	8.500000e-01	8.500000e-01	8.500000e-01	-9.420740e-06
1.857371e-07	8.500000e-01	8.500000e-01	8.500000e-01	8.500000e-01	2.408916e-06
1.860081e-07	8.500000e-01	8.500000e-01	8.500000e-01	8.500000e-01	1.275251e-06
1.864187e-07	8.500000e-01	8.500000e-01	8.500000e-01	8.500000e-01	4.399084e-06
1.872400e-07	8.500000e-01	8.500000e-01	8.500000e-01	8.500000e-01	2.915553e-07
1.888825e-07	8.500000e-01	8.500000e-01	8.500000e-01	8.500000e-01	4.681273e-06
1.905000e-07	8.500000e-01	8.500000e-01	8.500000e-01	8.500000e-01	1.243068e-07
1.905500e-07	8.500000e-01	7.650000e-01	8.500000e-01	8.500000e-01	-5.479305e-05
1.906500e-07	8.500000e-01	5.950000e-01	8.500000e-01	8.500000e-01	2.345240e-05
1.908500e-07	8.500000e-01	2.550000e-01	8.500000e-01	8.500000e-01	-1.011286e-06
1.910000e-07	8.500000e-01	0.000000e+00	8.500000e-01	8.500000e-01	1.967923e-04
1.910400e-07	8.500000e-01	0.000000e+00	8.500000e-01	8.500000e-01	9.264191e-05
1.911200e-07	8.500000e-01	0.000000e+00	8.500000e-01	8.500000e-01	-1.991887e-04
1.912800e-07	8.500000e-01	0.000000e+00	8.500000e-01	8.500000e-01	-5.194962e-06
1.914756e-07	8.500000e-01	0.000000e+00	8.500000e-01	8.500000e-01	4.224056e-05
1.917217e-07	8.500000e-01	0.000000e+00	8.500000e-01	8.500000e-01	-1.099395e-05
1.920781e-07	8.500000e-01	0.000000e+00	8.500000e-01	8.500000e-01	1.407839e-05
1.927908e-07	8.500000e-01	0.000000e+00	8.500000e-01	8.500000e-01	-8.247177e-06
1.942163e-07	8.500000e-01	0.000000e+00	8.500000e-01	8.500000e-01	1.268009e-05
1.955000e-07	8.500000e-01	0.000000e+00	8.500000e-01	8.500000e-01	-7.306220e-06
1.955500e-07	8.500000e-01	0.000000e+00	8.500000e-01	7.650000e-01	2.034186e-07
1.956500e-07	8.500000e-01	0.000000e+00	8.500000e-01	5.950000e-01	3.604729e-06
1.958500e-07	8.500000e-01	0.000000e+00	8.500000e-01	2.550000e-01	1.791304e-06
1.960000e-07	8.500000e-01	0.000000e+00	8.500000e-01	0.000000e+00	-1.025860e-05
1.960175e-07	8.500000e-01	0.000000e+00	8.500000e-01	0.000000e+00	-1.130275e-05
1.960524e-07	8.500000e-01	0.000000e+00	8.500000e-01	0.000000e+00	1.988634e-05
1.961222e-07	8.500000e-01	0.000000e+00	8.500000e-01	0.000000e+00	1.270452e-05
1.962004e-07	8.500000e-01	0.000000e+00	8.500000e-01	0.000000e+00	1.998618e-06
1.962990e-07	8.500000e-01	0.000000e+00	8.500000e-01	0.000000e+00	-1.339356e-05
1.963966e-07	8.500000e-01	0.000000e+00	8.500000e-01	0.000000e+00	-2.085592e-05
1.964987e-07	8.500000e-01	0.000000e+00	8.500000e-01	0.000000e+00	1.307953e-04
1.966167e-07	8.500000e-01	0.000000e+00	8.500000e-01	0.000000e+00	-1.450234e-04
1.967320e-07	8.500000e-01	0.000000e+00	8.500000e-01	0.000000e+00	1.075238e-04
1.968535e-07	8.500000e-01	0.000000e+00	8.500000e-01	0.000000e+00	-9.360780e-05
1.969824e-07	8.500000e-01	0.000000e+00	8.500000e-01	0.000000e+00	8.215646e-05
1.971417e-07	8.500000e-01	0.000000e+00	8.500000e-01	0.000000e+00	-5.863728e-05
1.974603e-07	8.500000e-01	0.000000e+00	8.500000e-01	0.000000e+00	5.790847e-05
1.978065e-07	8.500000e-01	0.000000e+00	8.500000e-01	0.000000e+00	-4.761279e-05
1.984988e-07	8.500000e-01	0.000000e+00	8.500000e-01	0.000000e+00	4.999575e-05
1.998834e-07	8.500000e-01	0.000000e+00	8.500000e-01	0.000000e+00	-4.388396e-05
2.000000e-07	8.500000e-01	0.000000e+00	8.500000e-01	0.000000e+00	3.647915e-05
2.000397e-07	8.500000e-01	6.747408e-02	8.500000e-01	0.000000e+00	5.219130e-05
2.001191e-07	8.500000e-01	2.024223e-01	8.500000e-01	0.000000e+00	2.776158e-05
2.002778e-07	8.500000e-01	4.723186e-01	8.500000e-01	0.000000e+00	1.332210e-04
2.004457e-07	8.500000e-01	7.576632e-01	8.500000e-01	0.000000e+00	-9.035412e-04
2.005000e-07	8.500000e-01	8.500000e-01	8.500000e-01	0.000000e+00	-4.910862e-03
2.005204e-07	8.500000e-01	8.500000e-01	8.152375e-01	0.000000e+00	-8.939531e-03
2.005613e-07	8.500000e-01	8.500000e-01	7.457125e-01	0.000000e+00	-1.534459e-02
2.006431e-07	8.500000e-01	8.500000e-01	6.066624e-01	0.000000e+00	-8.345618e-03
2.007686e-07	8.500000e-01	8.500000e-01	3.934623e-01	0.000000e+00	5.979446e-01
2.008933e-07	8.500000e-01	8.500000e-01	1.813467e-01	0.000000e+00	8.227744e-01
2.010000e-07	8.500000e-01	8.500000e-01	0.000000e+00	0.000000e+00	8.448804e-01
2.010189e-07	8.500000e-01	8.500000e-01	0.000000e+00	0.000000e+00	8.513731e-01
2.010568e-07	8.500000e-01	8.500000e-01	0.000000e+00	0.000000e+00	8.598536e-01
2.011324e-07	8.500000e-01	8.500000e-01	0.000000e+00	0.000000e+00	8.611212e-01
2.012534e-07	8.500000e-01	8.500000e-01	0.000000e+00	0.000000e+00	8.560205e-01
2.014309e-07	8.500000e-01	8.500000e-01	0.000000e+00	0.000000e+00	8.519531e-01
2.016551e-07	8.500000e-01	8.500000e-01	0.000000e+00	0.000000e+00	8.504287e-01
2.021034e-07	8.500000e-01	8.500000e-01	0.000000e+00	0.000000e+00	8.499373e-01
2.030001e-07	8.500000e-01	8.500000e-01	0.000000e+00	0.000000e+00	8.500088e-01
2.047934e-07	8.500000e-01	8.500000e-01	0.000000e+00	0.000000e+00	8.499753e-01
2.055000e-07	8.500000e-01	8.500000e-01	0.000000e+00	0.000000e+00	8.499907e-01
2.055500e-07	7.650000e-01	8.500000e-01	0.000000e+00	0.000000e+00	8.498992e-01
2.056500e-07	5.950000e-01	8.500000e-01	0.000000e+00	0.000000e+00	8.498556e-01
2.058500e-07	2.550000e-01	8.500000e-01	0.000000e+00	0.000000e+00	8.499328e-01
2.060000e-07	0.000000e+00	8.500000e-01	0.000000e+00	0.000000e+00	8.499472e-01
2.060400e-07	0.000000e+00	8.500000e-01	0.000000e+00	0.000000e+00	8.500181e-01
2.061200e-07	0.000000e+00	8.500000e-01	0.000000e+00	0.000000e+00	8.500946e-01
2.062800e-07	0.000000e+00	8.500000e-01	0.000000e+00	0.000000e+00	8.500315e-01
2.066000e-07	0.000000e+00	8.500000e-01	0.000000e+00	0.000000e+00	8.499802e-01
2.072400e-07	0.000000e+00	8.500000e-01	0.000000e+00	0.000000e+00	8.499734e-01
2.085200e-07	0.000000e+00	8.500000e-01	0.000000e+00	0.000000e+00	8.499648e-01
2.105000e-07	0.000000e+00	8.500000e-01	0.000000e+00	0.000000e+00	8.499843e-01
2.105500e-07	0.000000e+00	7.650000e-01	0.000000e+00	0.000000e+00	8.499510e-01
2.106500e-07	0.000000e+00	5.950000e-01	0.000000e+00	0.000000e+00	8.499745e-01
2.108500e-07	0.000000e+00	2.550000e-01	0.000000e+00	0.000000e+00	8.500655e-01
2.110000e-07	0.000000e+00	0.000000e+00	0.000000e+00	0.000000e+00	8.501466e-01
2.110400e-07	0.000000e+00	0.000000e+00	0.000000e+00	0.000000e+00	8.501481e-01
2.111200e-07	0.000000e+00	0.000000e+00	0.000000e+00	0.000000e+00	8.499375e-01
2.112800e-07	0.000000e+00	0.000000e+00	0.000000e+00	0.000000e+00	8.499124e-01
2.114752e-07	0.000000e+00	0.000000e+00	0.000000e+00	0.000000e+00	8.500777e-01
2.117224e-07	0.000000e+00	0.000000e+00	0.000000e+00	0.000000e+00	8.499234e-01
2.120745e-07	0.000000e+00	0.000000e+00	0.000000e+00	0.000000e+00	8.500343e-01
2.127787e-07	0.000000e+00	0.000000e+00	0.000000e+00	0.000000e+00	8.499323e-01
2.141871e-07	0.000000e+00	0.000000e+00	0.000000e+00	0.000000e+00	8.500257e-01
2.170039e-07	0.000000e+00	0.000000e+00	0.000000e+00	0.000000e+00	8.499347e-01
2.200000e-07	0.000000e+00	0.000000e+00	0.000000e+00	0.000000e+00	8.500245e-01
2.200500e-07	0.000000e+00	8.500000e-02	0.000000e+00	0.000000e+00	8.501332e-01
2.201500e-07	0.000000e+00	2.550000e-01	0.000000e+00	0.000000e+00	8.499799e-01
2.202882e-07	0.000000e+00	4.899936e-01	0.000000e+00	0.000000e+00	8.497583e-01
2.204550e-07	0.000000e+00	7.734756e-01	0.000000e+00	0.000000e+00	8.499519e-01
2.205000e-07	0.000000e+00	8.500000e-01	0.000000e+00	0.000000e+00	8.502761e-01
2.205188e-07	0.000000e+00	8.500000e-01	0.000000e+00	0.000000e+00	8.501575e-01
2.205564e-07	0.000000e+00	8.500000e-01	0.000000e+00	0.000000e+00	8.500408e-01
2.206315e-07	0.000000e+00	8.500000e-01	0.000000e+00	0.000000e+00	8.499980e-01
2.207818e-07	0.000000e+00	8.500000e-01	0.000000e+00	0.000000e+00	8.499331e-01
2.210823e-07	0.000000e+00	8.500000e-01	0.000000e+00	0.000000e+00	8.499767e-01
2.216834e-07	0.000000e+00	8.500000e-01	0.000000e+00	0.000000e+00	8.499606e-01
2.228856e-07	0.000000e+00	8.500000e-01	0.000000e+00	0.000000e+00	8.499802e-01
2.250000e-07	0.000000e+00	8.500000e-01	0.000000e+00	0.000000e+00	8.499622e-01
2.250500e-07	8.500000e-02	8.500000e-01	0.000000e+00	0.000000e+00	8.500567e-01
2.251500e-07	2.550000e-01	8.500000e-01	0.000000e+00	0.000000e+00	8.500980e-01
2.253500e-07	5.950000e-01	8.500000e-01	0.000000e+00	0.000000e+00	8.500258e-01
2.255000e-07	8.500000e-01	8.500000e-01	0.000000e+00	0.000000e+00	8.500331e-01
2.255400e-07	8.500000e-01	8.500000e-01	0.000000e+00	0.000000e+00	8.499442e-01
2.256200e-07	8.500000e-01	8.500000e-01	0.000000e+00	0.000000e+00	8.498867e-01
2.257800e-07	8.500000e-01	8.500000e-01	0.000000e+00	0.000000e+00	8.499598e-01
2.261000e-07	8.500000e-01	8.500000e-01	0.000000e+00	0.000000e+00	8.499754e-01
2.267400e-07	8.500000e-01	8.500000e-01	0.000000e+00	0.000000e+00	8.499931e-01
2.280200e-07	8.500000e-01	8.500000e-01	0.000000e+00	0.000000e+00	8.499895e-01
2.305000e-07	8.500000e-01	8.500000e-01	0.000000e+00	0.000000e+00	8.499883e-01
2.305500e-07	8.500000e-01	7.650000e-01	0.000000e+00	0.000000e+00	8.499437e-01
2.306500e-07	8.500000e-01	5.950000e-01	0.000000e+00	0.000000e+00	8.499505e-01
2.308500e-07	8.500000e-01	2.550000e-01	0.000000e+00	0.000000e+00	8.500376e-01
2.310000e-07	8.500000e-01	0.000000e+00	0.000000e+00	0.000000e+00	8.501225e-01
2.310400e-07	8.500000e-01	0.000000e+00	0.000000e+00	0.000000e+00	8.501185e-01
2.311200e-07	8.500000e-01	0.000000e+00	0.000000e+00	0.000000e+00	8.498981e-01
2.312800e-07	8.500000e-01	0.000000e+00	0.000000e+00	0.000000e+00	8.498681e-01
2.314752e-07	8.500000e-01	0.000000e+00	0.000000e+00	0.000000e+00	8.500726e-01
2.317224e-07	8.500000e-01	0.000000e+00	0.000000e+00	0.000000e+00	8.499335e-01
2.320745e-07	8.500000e-01	0.000000e+00	0.000000e+00	0.000000e+00	8.500392e-01
2.327787e-07	8.500000e-01	0.000000e+00	0.000000e+00	0.000000e+00	8.499417e-01
2.341871e-07	8.500000e-01	0.000000e+00	0.000000e+00	0.000000e+00	8.500327e-01
2.370038e-07	8.500000e-01	0.000000e+00	0.000000e+00	0.000000e+00	8.499452e-01
2.400000e-07	8.500000e-01	0.000000e+00	0.000000e+00	0.000000e+00	8.500305e-01
2.400500e-07	8.500000e-01	8.500000e-02	0.000000e+00	0.000000e+00	8.501386e-01
2.401500e-07	8.500000e-01	2.550000e-01	0.000000e+00	0.000000e+00	8.499870e-01
2.402882e-07	8.500000e-01	4.899938e-01	0.000000e+00	0.000000e+00	8.497667e-01
2.404550e-07	8.500000e-01	7.734758e-01	0.000000e+00	0.000000e+00	8.499558e-01
2.405000e-07	8.500000e-01	8.500000e-01	0.000000e+00	0.000000e+00	8.502803e-01
2.405188e-07	8.500000e-01	8.500000e-01	0.000000e+00	0.000000e+00	8.501639e-01
2.405564e-07	8.500000e-01	8.500000e-01	0.000000e+00	0.000000e+00	8.500504e-01
2.406315e-07	8.500000e-01	8.500000e-01	0.000000e+00	0.000000e+00	8.500116e-01
2.407818e-07	8.500000e-01	8.500000e-01	0.000000e+00	0.000000e+00	8.499501e-01
2.410823e-07	8.500000e-01	8.500000e-01	0.000000e+00	0.000000e+00	8.499917e-01
2.416834e-07	8.500000e-01	8.500000e-01	0.000000e+00	0.000000e+00	8.499772e-01
2.428856e-07	8.500000e-01	8.500000e-01	0.000000e+00	0.000000e+00	8.499966e-01
2.450000e-07	8.500000e-01	8.500000e-01	0.000000e+00	2.249931e-14	8.499793e-01
2.450500e-07	8.500000e-01	8.500000e-01	0.000000e+00	8.500000e-02	8.500464e-01
2.451500e-07	8.500000e-01	8.500000e-01	0.000000e+00	2.550000e-01	8.499689e-01
2.452888e-07	8.500000e-01	8.500000e-01	0.000000e+00	4.910278e-01	8.482578e-01
2.454355e-07	8.500000e-01	8.500000e-01	0.000000e+00	7.402841e-01	8.718648e-01
2.455000e-07	8.500000e-01	8.500000e-01	0.000000e+00	8.500000e-01	8.909149e-01
2.455163e-07	8.223374e-01	8.500000e-01	0.000000e+00	8.500000e-01	8.941191e-01
2.455488e-07	7.670122e-01	8.500000e-01	0.000000e+00	8.500000e-01	8.994108e-01
2.456139e-07	6.563619e-01	8.500000e-01	0.000000e+00	8.500000e-01	9.033012e-01
2.456747e-07	5.530714e-01	8.500000e-01	0.000000e+00	8.500000e-01	8.993268e-01
2.457445e-07	4.343134e-01	8.500000e-01	0.000000e+00	8.500000e-01	8.910953e-01
2.458371e-07	2.768648e-01	8.500000e-01	0.000000e+00	8.500000e-01	8.766319e-01
2.459502e-07	8.459666e-02	8.500000e-01	0.000000e+00	8.500000e-01	8.630958e-01
2.460000e-07	0.000000e+00	8.500000e-01	0.000000e+00	8.500000e-01	8.595026e-01
2.460226e-07	0.000000e+00	8.500000e-01	0.000000e+00	8.500000e-01	8.583754e-01
2.460679e-07	0.000000e+00	8.500000e-01	0.000000e+00	8.500000e-01	8.563759e-01
2.461583e-07	0.000000e+00	8.500000e-01	0.000000e+00	8.500000e-01	8.536290e-01
2.463393e-07	0.000000e+00	8.500000e-01	0.000000e+00	8.500000e-01	8.511510e-01
2.467012e-07	0.000000e+00	8.500000e-01	0.000000e+00	8.500000e-01	8.502244e-01
2.474250e-07	0.000000e+00	8.500000e-01	0.000000e+00	8.500000e-01	8.501923e-01
2.488727e-07	0.000000e+00	8.500000e-01	0.000000e+00	8.500000e-01	8.500263e-01
2.505000e-07	0.000000e+00	8.500000e-01	0.000000e+00	8.500000e-01	8.500490e-01
2.505500e-07	0.000000e+00	7.650000e-01	0.000000e+00	8.500000e-01	8.499874e-01
2.506500e-07	0.000000e+00	5.950000e-01	0.000000e+00	8.500000e-01	8.499805e-01
2.508500e-07	0.000000e+00	2.550000e-01	0.000000e+00	8.500000e-01	8.500715e-01
2.510000e-07	0.000000e+00	3.463896e-14	0.000000e+00	8.500000e-01	8.501704e-01
2.510400e-07	0.000000e+00	0.000000e+00	0.000000e+00	8.500000e-01	8.501054e-01
2.511200e-07	0.000000e+00	0.000000e+00	0.000000e+00	8.500000e-01	8.499168e-01
2.512234e-07	0.000000e+00	0.000000e+00	0.000000e+00	8.500000e-01	8.498700e-01
2.513182e-07	0.000000e+00	0.000000e+00	0.000000e+00	8.500000e-01	8.500259e-01
2.514214e-07	0.000000e+00	0.000000e+00	0.000000e+00	8.500000e-01	8.499761e-01
2.515674e-07	0.000000e+00	0.000000e+00	0.000000e+00	8.500000e-01	8.500282e-01
2.517165e-07	0.000000e+00	0.000000e+00	0.000000e+00	8.500000e-01	8.499965e-01
2.519340e-07	0.000000e+00	0.000000e+00	0.000000e+00	8.500000e-01	8.500082e-01
2.523690e-07	0.000000e+00	0.000000e+00	0.000000e+00	8.500000e-01	8.499980e-01
2.532389e-07	0.000000e+00	0.000000e+00	0.000000e+00	8.500000e-01	8.500053e-01
2.545056e-07	0.000000e+00	0.000000e+00	0.000000e+00	8.500000e-01	8.499926e-01
2.570389e-07	0.000000e+00	0.000000e+00	0.000000e+00	8.500000e-01	8.499941e-01
2.600000e-07	0.000000e+00	8.999725e-14	0.000000e+00	8.500000e-01	8.499880e-01
2.600500e-07	0.000000e+00	8.500000e-02	8.500000e-02	8.500000e-01	8.646904e-01
2.601500e-07	0.000000e+00	2.550000e-01	2.550000e-01	8.500000e-01	8.754328e-01
2.602926e-07	0.000000e+00	4.974605e-01	4.974605e-01	8.500000e-01	8.443599e-01
2.604451e-07	0.000000e+00	7.565930e-01	7.565930e-01	8.500000e-01	8.779337e-01
2.605000e-07	0.000000e+00	8.500000e-01	8.500000e-01	8.500000e-01	8.871909e-01
2.605151e-07	0.000000e+00	8.500000e-01	8.500000e-01	8.500000e-01	8.808084e-01
2.605454e-07	0.000000e+00	8.500000e-01	8.500000e-01	8.500000e-01	8.584239e-01
2.606058e-07	0.000000e+00	8.500000e-01	8.500000e-01	8.500000e-01	7.129516e-01
2.606995e-07	0.000000e+00	8.500000e-01	8.500000e-01	8.500000e-01	7.973014e-02
2.607994e-07	0.000000e+00	8.500000e-01	8.500000e-01	8.500000e-01	-1.073992e-02
2.609469e-07	0.000000e+00	8.500000e-01	8.500000e-01	8.500000e-01	1.245007e-02
2.611373e-07	0.000000e+00	8.500000e-01	8.500000e-01	8.500000e-01	-7.655633e-03
2.613328e-07	0.000000e+00	8.500000e-01	8.500000e-01	8.500000e-01	6.565607e-03
2.617237e-07	0.000000e+00	8.500000e-01	8.500000e-01	8.500000e-01	-5.918054e-03
2.621688e-07	0.000000e+00	8.500000e-01	8.500000e-01	8.500000e-01	5.464074e-03
2.630590e-07	0.000000e+00	8.500000e-01	8.500000e-01	8.500000e-01	-5.223000e-03
2.643850e-07	0.000000e+00	8.500000e-01	8.500000e-01	8.500000e-01	5.095855e-03
2.650000e-07	0.000000e+00	8.500000e-01	8.500000e-01	8.500000e-01	-4.783201e-03
2.650500e-07	8.500000e-02	8.500000e-01	8.500000e-01	8.500000e-01	-6.403827e-04
2.651500e-07	2.550000e-01	8.500000e-01	8.500000e-01	8.500000e-01	4.739847e-04
2.653500e-07	5.950000e-01	8.500000e-01	8.500000e-01	8.500000e-01	-3.508691e-04
2.655000e-07	8.500000e-01	8.500000e-01	8.500000e-01	8.500000e-01	2.679637e-04
2.655338e-07	8.500000e-01	8.500000e-01	8.500000e-01	8.500000e-01	2.158466e-05
2.656015e-07	8.500000e-01	8.500000e-01	8.500000e-01	8.500000e-01	-5.084660e-05
2.657369e-07	8.500000e-01	8.500000e-01	8.500000e-01	8.500000e-01	3.403701e-05
2.660076e-07	8.500000e-01	8.500000e-01	8.500000e-01	8.500000e-01	-2.648276e-05
2.664183e-07	8.500000e-01	8.500000e-01	8.500000e-01	8.500000e-01	2.946684e-05
2.672396e-07	8.500000e-01	8.500000e-01	8.500000e-01	8.500000e-01	-2.366830e-05
2.688822e-07	8.500000e-01	8.500000e-01	8.500000e-01	8.500000e-01	2.811202e-05
2.705000e-07	8.500000e-01	8.500000e-01	8.500000e-01	8.500000e-01	-2.273487e-05
2.705500e-07	8.500000e-01	7.650000e-01	8.500000e-01	8.500000e-01	-5.802177e-05
2.706500e-07	8.500000e-01	5.950000e-01	8.500000e-01	8.500000e-01	2.562340e-05
2.708500e-07	8.500000e-01	2.550000e-01	8.500000e-01	8.500000e-01	-2.818850e-06
2.710000e-07	8.500000e-01	3.463896e-14	8.500000e-01	8.500000e-01	2.019832e-04
2.710400e-07	8.500000e-01	0.000000e+00	8.500000e-01	8.500000e-01	9.372244e-05
2.711200e-07	8.500000e-01	0.000000e+00	8.500000e-01	8.500000e-01	-1.998417e-04
2.712800e-07	8.500000e-01	0.000000e+00	8.500000e-01	8.500000e-01	-4.667083e-06
2.714756e-07	8.500000e-01	0.000000e+00	8.500000e-01	8.500000e-01	4.180765e-05
2.717217e-07	8.500000e-01	0.000000e+00	8.500000e-01	8.500000e-01	-1.062461e-05
2.720781e-07	8.500000e-01	0.000000e+00	8.500000e-01	8.500000e-01	1.374648e-05
2.727908e-07	8.500000e-01	0.000000e+00	8.500000e-01	8.500000e-01	-7.932717e-06
2.742164e-07	8.500000e-01	0.000000e+00	8.500000e-01	8.500000e-01	1.237389e-05
2.770674e-07	8.500000e-01	0.000000e+00	8.500000e-01	8.500000e-01	-7.270410e-06
2.800000e-07	8.500000e-01	0.000000e+00	8.500000e-01	8.500000e-01	1.194756e-05
2.800500e-07	8.500000e-01	8.500000e-02	8.500000e-01	8.500000e-01	4.134649e-05
2.801500e-07	8.500000e-01	2.550000e-01	8.500000e-01	8.500000e-01	-9.699765e-06
2.802883e-07	8.500000e-01	4.900730e-01	8.500000e-01	8.500000e-01	-1.244982e-04
2.804550e-07	8.500000e-01	7.735281e-01	8.500000e-01	8.500000e-01	1.741747e-04
2.805000e-07	8.500000e-01	8.500000e-01	8.500000e-01	8.500000e-01	2.574077e-04
2.805188e-07	8.500000e-01	8.500000e-01	8.500000e-01	8.500000e-01	-1.808678e-05
2.805564e-07	8.500000e-01	8.500000e-01	8.500000e-01	8.500000e-01	-1.266078e-04
2.806315e-07	8.500000e-01	8.500000e-01	8.500000e-01	8.500000e-01	4.474752e-05
2.807818e-07	8.500000e-01	8.500000e-01	8.500000e-01	8.500000e-01	-5.581400e-05
2.810823e-07	8.500000e-01	8.500000e-01	8.500000e-01	8.500000e-01	5.462403e-05
2.816834e-07	8.500000e-01	8.500000e-01	8.500000e-01	8.500000e-01	-4.685867e-05
2.828856e-07	8.500000e-01	8.500000e-01	8.500000e-01	8.500000e-01	5.044384e-05
2.852900e-07	8.500000e-01	8.500000e-01	8.500000e-01	8.500000e-01	-4.492139e-05
2.855000e-07	8.500000e-01	8.500000e-01	8.500000e-01	8.500000e-01	4.320501e-05
2.855500e-07	7.650000e-01	8.500000e-01	8.500000e-01	8.500000e-01	-4.774002e-05
2.856500e-07	5.950000e-01	8.500000e-01	8.500000e-01	8.500000e-01	1.792722e-06
2.858500e-07	2.550000e-01	8.500000e-01	8.500000e-01	8.500000e-01	-1.272100e-05
2.860000e-07	2.053913e-14	8.500000e-01	8.500000e-01	8.500000e-01	6.436454e-05
2.860270e-07	0.000000e+00	8.500000e-01	8.500000e-01	8.500000e-01	1.321049e-05
2.860809e-07	0.000000e+00	8.500000e-01	8.500000e-01	8.500000e-01	-1.360488e-05
2.861889e-07	0.000000e+00	8.500000e-01	8.500000e-01	8.500000e-01	1.417830e-05
2.864047e-07	0.000000e+00	8.500000e-01	8.500000e-01	8.500000e-01	-1.364043e-05
2.867648e-07	0.000000e+00	8.500000e-01	8.500000e-01	8.500000e-01	1.354523e-05
2.874850e-07	0.000000e+00	8.500000e-01	8.500000e-01	8.500000e-01	-1.316692e-05
2.889254e-07	0.000000e+00	8.500000e-01	8.500000e-01	8.500000e-01	1.325292e-05
2.905000e-07	0.000000e+00	8.500000e-01	8.500000e-01	8.500000e-01	-1.296952e-05
2.905500e-07	0.000000e+00	7.650000e-01	8.500000e-01	8.500000e-01	-5.796861e-05
2.906500e-07	0.000000e+00	5.950000e-01	8.500000e-01	8.500000e-01	2.166639e-05
2.908500e-07	0.000000e+00	2.550000e-01	8.500000e-01	8.500000e-01	-3.955003e-06
2.910000e-07	0.000000e+00	3.463896e-14	8.500000e-01	8.500000e-01	1.949436e-04
2.910400e-07	0.000000e+00	0.000000e+00	8.500000e-01	8.500000e-01	8.989147e-05
2.911200e-07	0.000000e+00	0.000000e+00	8.500000e-01	8.500000e-01	-2.011671e-04
2.912800e-07	0.000000e+00	0.000000e+00	8.500000e-01	8.500000e-01	-8.018929e-06
2.914756e-07	0.000000e+00	0.000000e+00	8.500000e-01	8.500000e-01	4.024350e-05
2.917217e-07	0.000000e+00	0.000000e+00	8.500000e-01	8.500000e-01	-1.360784e-05
2.920781e-07	0.000000e+00	0.000000e+00	8.500000e-01	8.500000e-01	1.197993e-05
2.927908e-07	0.000000e+00	0.000000e+00	8.500000e-01	8.500000e-01	-1.085954e-05
2.942164e-07	0.000000e+00	0.000000e+00	8.500000e-01	8.500000e-01	1.059720e-05
2.955000e-07	0.000000e+00	0.000000e+00	8.500000e-01	8.500000e-01	-9.929803e-06
2.955500e-07	0.000000e+00	0.000000e+00	8.500000e-01	7.650000e-01	-2.273394e-06
2.956500e-07	0.000000e+00	0.000000e+00	8.500000e-01	5.950000e-01	1.427213e-06
2.958500e-07	0.000000e+00	0.000000e+00	8.500000e-01	2.550000e-01	-6.070908e-07
2.960000e-07	0.000000e+00	0.000000e+00	8.500000e-01	3.741452e-14	-7.134280e-06
2.960367e-07	0.000000e+00	0.000000e+00	8.500000e-01	0.000000e+00	6.276090e-06
2.961101e-07	0.000000e+00	0.000000e+00	8.500000e-01	0.000000e+00	1.949932e-06
2.962569e-07	0.000000e+00	0.000000e+00	8.500000e-01	0.000000e+00	-2.770729e-06
2.964118e-07	0.000000e+00	0.000000e+00	8.500000e-01	0.000000e+00	3.871964e-06
2.966582e-07	0.000000e+00	0.000000e+00	8.500000e-01	0.000000e+00	-3.695903e-06
2.969611e-07	0.000000e+00	0.000000e+00	8.500000e-01	0.000000e+00	3.849334e-06
2.975668e-07	0.000000e+00	0.000000e+00	8.500000e-01	0.000000e+00	-3.609784e-06
2.987782e-07	0.000000e+00	0.000000e+00	8.500000e-01	0.000000e+00	3.767446e-06
3.000000e-07	0.000000e+00	8.999725e-14	8.500000e-01	0.000000e+00	-3.547554e-06
