time (time)	v(d) (voltage)	v(clk) (voltage)	v(s) (voltage)	v(r) (voltage)	v(q) (voltage)
0.000000e+00	0.000000e+00	0.000000e+00	0.000000e+00	0.000000e+00	8.497166e-01
1.000000e-12	0.000000e+00	1.700000e-03	0.000000e+00	0.000000e+00	8.497514e-01
2.000000e-12	0.000000e+00	3.400000e-03	0.000000e+00	0.000000e+00	8.497601e-01
4.000000e-12	0.000000e+00	6.800000e-03	0.000000e+00	0.000000e+00	8.497775e-01
8.000000e-12	0.000000e+00	1.360000e-02	0.000000e+00	0.000000e+00	8.497963e-01
1.600000e-11	0.000000e+00	2.720000e-02	0.000000e+00	0.000000e+00	8.498178e-01
3.200000e-11	0.000000e+00	5.440000e-02	0.000000e+00	0.000000e+00	8.498492e-01
6.400000e-11	0.000000e+00	1.088000e-01	0.000000e+00	0.000000e+00	8.498926e-01
1.280000e-10	0.000000e+00	2.176000e-01	0.000000e+00	0.000000e+00	8.499376e-01
2.560000e-10	0.000000e+00	4.352000e-01	0.000000e+00	0.000000e+00	8.499562e-01
5.000000e-10	0.000000e+00	8.500000e-01	0.000000e+00	0.000000e+00	8.499121e-01
5.256000e-10	0.000000e+00	8.500000e-01	0.000000e+00	0.000000e+00	8.499185e-01
5.768000e-10	0.000000e+00	8.500000e-01	0.000000e+00	0.000000e+00	8.499412e-01
6.792000e-10	0.000000e+00	8.500000e-01	0.000000e+00	0.000000e+00	8.499756e-01
8.840000e-10	0.000000e+00	8.500000e-01	0.000000e+00	0.000000e+00	8.499610e-01
1.293600e-09	0.000000e+00	8.500000e-01	0.000000e+00	0.000000e+00	8.498963e-01
2.112800e-09	0.000000e+00	8.500000e-01	0.000000e+00	0.000000e+00	8.498193e-01
3.751200e-09	0.000000e+00	8.500000e-01	0.000000e+00	0.000000e+00	8.497648e-01
7.028000e-09	0.000000e+00	8.500000e-01	0.000000e+00	0.000000e+00	8.497415e-01
1.050000e-08	0.000000e+00	8.500000e-01	0.000000e+00	0.000000e+00	8.497367e-01
1.055000e-08	0.000000e+00	7.650000e-01	0.000000e+00	0.000000e+00	8.497524e-01
1.065000e-08	0.000000e+00	5.950000e-01	0.000000e+00	0.000000e+00	8.497984e-01
1.085000e-08	0.000000e+00	2.550000e-01	0.000000e+00	0.000000e+00	8.498796e-01
1.100000e-08	0.000000e+00	0.000000e+00	0.000000e+00	0.000000e+00	8.499140e-01
1.104000e-08	0.000000e+00	0.000000e+00	0.000000e+00	0.000000e+00	8.499305e-01
1.112000e-08	0.000000e+00	0.000000e+00	0.000000e+00	0.000000e+00	8.499458e-01
1.128000e-08	0.000000e+00	0.000000e+00	0.000000e+00	0.000000e+00	8.499399e-01
1.160000e-08	0.000000e+00	0.000000e+00	0.000000e+00	0.000000e+00	8.499094e-01
1.224000e-08	0.000000e+00	0.000000e+00	0.000000e+00	0.000000e+00	8.498471e-01
1.352000e-08	0.000000e+00	0.000000e+00	0.000000e+00	0.000000e+00	8.497791e-01
1.508627e-08	0.000000e+00	0.000000e+00	0.000000e+00	0.000000e+00	8.497627e-01
1.821880e-08	0.000000e+00	0.000000e+00	0.000000e+00	0.000000e+00	8.497444e-01
2.000000e-08	0.000000e+00	0.000000e+00	0.000000e+00	0.000000e+00	8.497489e-01
2.005000e-08	0.000000e+00	8.500000e-02	0.000000e+00	0.000000e+00	8.497804e-01
2.015000e-08	0.000000e+00	2.550000e-01	0.000000e+00	0.000000e+00	8.498316e-01
2.035000e-08	0.000000e+00	5.950000e-01	0.000000e+00	0.000000e+00	8.498690e-01
2.050000e-08	0.000000e+00	8.500000e-01	0.000000e+00	0.000000e+00	8.498854e-01
2.054000e-08	0.000000e+00	8.500000e-01	0.000000e+00	0.000000e+00	8.499006e-01
2.062000e-08	0.000000e+00	8.500000e-01	0.000000e+00	0.000000e+00	8.499297e-01
2.078000e-08	0.000000e+00	8.500000e-01	0.000000e+00	0.000000e+00	8.499511e-01
2.110000e-08	0.000000e+00	8.500000e-01	0.000000e+00	0.000000e+00	8.499189e-01
2.174000e-08	0.000000e+00	8.500000e-01	0.000000e+00	0.000000e+00	8.498460e-01
2.302000e-08	0.000000e+00	8.500000e-01	0.000000e+00	0.000000e+00	8.497797e-01
2.500000e-08	0.000000e+00	8.500000e-01	0.000000e+00	0.000000e+00	8.497554e-01
2.505000e-08	8.500000e-02	8.500000e-01	8.500000e-02	0.000000e+00	8.537984e-01
2.515000e-08	2.550000e-01	8.500000e-01	2.550000e-01	0.000000e+00	8.605834e-01
2.535000e-08	5.950000e-01	8.500000e-01	5.950000e-01	0.000000e+00	8.628623e-01
2.550000e-08	8.500000e-01	8.500000e-01	8.500000e-01	0.000000e+00	8.598988e-01
2.554000e-08	8.500000e-01	8.500000e-01	8.500000e-01	0.000000e+00	8.583046e-01
2.562000e-08	8.500000e-01	8.500000e-01	8.500000e-01	0.000000e+00	8.556886e-01
2.578000e-08	8.500000e-01	8.500000e-01	8.500000e-01	0.000000e+00	8.526543e-01
2.610000e-08	8.500000e-01	8.500000e-01	8.500000e-01	0.000000e+00	8.503425e-01
2.674000e-08	8.500000e-01	8.500000e-01	8.500000e-01	0.000000e+00	8.497888e-01
2.802000e-08	8.500000e-01	8.500000e-01	8.500000e-01	0.000000e+00	8.498941e-01
3.050000e-08	8.500000e-01	8.500000e-01	8.500000e-01	0.000000e+00	8.498367e-01
3.055000e-08	8.500000e-01	7.650000e-01	8.500000e-01	0.000000e+00	8.498336e-01
3.065000e-08	8.500000e-01	5.950000e-01	8.500000e-01	0.000000e+00	8.498318e-01
3.085000e-08	8.500000e-01	2.550000e-01	8.500000e-01	0.000000e+00	8.498502e-01
3.100000e-08	8.500000e-01	0.000000e+00	8.500000e-01	0.000000e+00	8.498713e-01
3.104000e-08	8.500000e-01	0.000000e+00	8.500000e-01	0.000000e+00	8.498841e-01
3.112000e-08	8.500000e-01	0.000000e+00	8.500000e-01	0.000000e+00	8.498874e-01
3.128000e-08	8.500000e-01	0.000000e+00	8.500000e-01	0.000000e+00	8.498608e-01
3.160000e-08	8.500000e-01	0.000000e+00	8.500000e-01	0.000000e+00	8.498466e-01
3.224000e-08	8.500000e-01	0.000000e+00	8.500000e-01	0.000000e+00	8.498619e-01
3.352000e-08	8.500000e-01	0.000000e+00	8.500000e-01	0.000000e+00	8.498583e-01
3.508627e-08	8.500000e-01	0.000000e+00	8.500000e-01	0.000000e+00	8.498603e-01
3.821882e-08	8.500000e-01	0.000000e+00	8.500000e-01	0.000000e+00	8.498584e-01
4.000000e-08	8.500000e-01	0.000000e+00	8.500000e-01	0.000000e+00	8.498602e-01
4.005000e-08	8.500000e-01	8.500000e-02	8.500000e-01	0.000000e+00	8.498742e-01
4.015000e-08	8.500000e-01	2.550000e-01	8.500000e-01	0.000000e+00	8.498783e-01
4.035000e-08	8.500000e-01	5.950000e-01	8.500000e-01	0.000000e+00	8.498368e-01
4.050000e-08	8.500000e-01	8.500000e-01	8.500000e-01	0.000000e+00	8.498315e-01
4.054000e-08	8.500000e-01	8.500000e-01	8.500000e-01	0.000000e+00	8.498408e-01
4.062000e-08	8.500000e-01	8.500000e-01	8.500000e-01	0.000000e+00	8.498588e-01
4.078000e-08	8.500000e-01	8.500000e-01	8.500000e-01	0.000000e+00	8.498697e-01
4.110000e-08	8.500000e-01	8.500000e-01	8.500000e-01	0.000000e+00	8.498607e-01
4.174000e-08	8.500000e-01	8.500000e-01	8.500000e-01	0.000000e+00	8.498597e-01
4.302000e-08	8.500000e-01	8.500000e-01	8.500000e-01	0.000000e+00	8.498585e-01
4.550000e-08	8.500000e-01	8.500000e-01	8.500000e-01	0.000000e+00	8.498601e-01
4.555000e-08	7.650000e-01	8.500000e-01	8.500000e-01	0.000000e+00	8.498144e-01
4.565000e-08	5.950000e-01	8.500000e-01	8.500000e-01	0.000000e+00	8.497992e-01
4.585000e-08	2.550000e-01	8.500000e-01	8.500000e-01	0.000000e+00	8.498038e-01
4.600000e-08	3.663736e-15	8.500000e-01	8.500000e-01	0.000000e+00	8.498095e-01
4.604000e-08	0.000000e+00	8.500000e-01	8.500000e-01	0.000000e+00	8.498430e-01
4.612000e-08	0.000000e+00	8.500000e-01	8.500000e-01	0.000000e+00	8.498692e-01
4.628000e-08	0.000000e+00	8.500000e-01	8.500000e-01	0.000000e+00	8.498096e-01
4.660000e-08	0.000000e+00	8.500000e-01	8.500000e-01	0.000000e+00	8.497424e-01
4.724000e-08	0.000000e+00	8.500000e-01	8.500000e-01	0.000000e+00	8.497185e-01
4.783399e-08	0.000000e+00	8.500000e-01	8.500000e-01	0.000000e+00	8.497170e-01
4.902197e-08	0.000000e+00	8.500000e-01	8.500000e-01	0.000000e+00	8.497167e-01
5.050000e-08	0.000000e+00	8.500000e-01	8.500000e-01	0.000000e+00	8.497168e-01
5.055000e-08	0.000000e+00	7.650000e-01	8.500000e-01	0.000000e+00	8.497116e-01
5.065000e-08	0.000000e+00	5.950000e-01	8.500000e-01	0.000000e+00	8.497033e-01
5.085000e-08	0.000000e+00	2.550000e-01	8.500000e-01	0.000000e+00	8.497133e-01
5.100000e-08	0.000000e+00	1.221245e-14	8.500000e-01	0.000000e+00	8.497330e-01
5.104000e-08	0.000000e+00	0.000000e+00	8.500000e-01	0.000000e+00	8.497453e-01
5.112000e-08	0.000000e+00	0.000000e+00	8.500000e-01	0.000000e+00	8.497465e-01
5.128000e-08	0.000000e+00	0.000000e+00	8.500000e-01	0.000000e+00	8.497152e-01
5.160000e-08	0.000000e+00	0.000000e+00	8.500000e-01	0.000000e+00	8.497056e-01
5.224000e-08	0.000000e+00	0.000000e+00	8.500000e-01	0.000000e+00	8.497187e-01
5.307267e-08	0.000000e+00	0.000000e+00	8.500000e-01	0.000000e+00	8.497228e-01
5.466026e-08	0.000000e+00	0.000000e+00	8.500000e-01	0.000000e+00	8.497818e-01
5.630221e-08	0.000000e+00	0.000000e+00	8.500000e-01	0.000000e+00	8.496802e-01
5.908835e-08	0.000000e+00	0.000000e+00	8.500000e-01	0.000000e+00	8.497428e-01
6.000000e-08	0.000000e+00	0.000000e+00	8.500000e-01	0.000000e+00	8.497078e-01
6.005000e-08	0.000000e+00	8.500000e-02	8.500000e-01	0.000000e+00	8.497244e-01
6.015000e-08	0.000000e+00	2.550000e-01	8.500000e-01	0.000000e+00	8.497109e-01
6.035000e-08	0.000000e+00	5.950000e-01	8.500000e-01	0.000000e+00	8.494674e-01
6.050000e-08	0.000000e+00	8.500000e-01	8.500000e-01	0.000000e+00	8.501291e-01
6.054000e-08	0.000000e+00	8.500000e-01	8.500000e-01	0.000000e+00	8.509071e-01
6.062000e-08	0.000000e+00	8.500000e-01	8.500000e-01	0.000000e+00	8.533731e-01
6.078000e-08	0.000000e+00	8.500000e-01	8.500000e-01	0.000000e+00	8.433673e-01
6.110000e-08	0.000000e+00	8.500000e-01	8.500000e-01	0.000000e+00	3.762760e-01
6.174000e-08	0.000000e+00	8.500000e-01	8.500000e-01	0.000000e+00	-5.192205e-02
6.239420e-08	0.000000e+00	8.500000e-01	8.500000e-01	0.000000e+00	4.075571e-02
6.370259e-08	0.000000e+00	8.500000e-01	8.500000e-01	0.000000e+00	-3.424963e-02
6.500000e-08	0.000000e+00	8.500000e-01	8.500000e-01	0.000000e+00	3.055730e-02
6.505000e-08	8.500000e-02	8.500000e-01	8.500000e-01	0.000000e+00	1.459698e-02
6.515000e-08	2.550000e-01	8.500000e-01	8.500000e-01	0.000000e+00	-6.306340e-04
6.535000e-08	5.950000e-01	8.500000e-01	8.500000e-01	0.000000e+00	3.249963e-04
6.550000e-08	8.500000e-01	8.500000e-01	8.500000e-01	0.000000e+00	-5.286667e-05
6.554000e-08	8.500000e-01	8.500000e-01	8.500000e-01	0.000000e+00	-4.505954e-05
6.562000e-08	8.500000e-01	8.500000e-01	8.500000e-01	0.000000e+00	-2.557661e-06
6.578000e-08	8.500000e-01	8.500000e-01	8.500000e-01	0.000000e+00	3.712049e-05
6.610000e-08	8.500000e-01	8.500000e-01	8.500000e-01	0.000000e+00	2.207987e-05
6.674000e-08	8.500000e-01	8.500000e-01	8.500000e-01	0.000000e+00	3.209978e-05
6.734724e-08	8.500000e-01	8.500000e-01	8.500000e-01	0.000000e+00	2.525292e-05
6.856172e-08	8.500000e-01	8.500000e-01	8.500000e-01	0.000000e+00	3.107340e-05
6.980694e-08	8.500000e-01	8.500000e-01	8.500000e-01	0.000000e+00	2.566404e-05
7.050000e-08	8.500000e-01	8.500000e-01	8.500000e-01	0.000000e+00	3.054510e-05
7.055000e-08	8.500000e-01	7.650000e-01	8.500000e-01	0.000000e+00	1.907082e-05
7.065000e-08	8.500000e-01	5.950000e-01	8.500000e-01	0.000000e+00	1.802577e-05
7.085000e-08	8.500000e-01	2.550000e-01	8.500000e-01	0.000000e+00	3.136882e-05
7.100000e-08	8.500000e-01	1.221245e-14	8.500000e-01	0.000000e+00	3.870912e-05
7.104000e-08	8.500000e-01	0.000000e+00	8.500000e-01	0.000000e+00	4.952461e-05
7.112000e-08	8.500000e-01	0.000000e+00	8.500000e-01	0.000000e+00	5.604769e-05
7.128000e-08	8.500000e-01	0.000000e+00	8.500000e-01	0.000000e+00	2.811771e-05
7.160000e-08	8.500000e-01	0.000000e+00	8.500000e-01	0.000000e+00	1.036961e-05
7.224000e-08	8.500000e-01	0.000000e+00	8.500000e-01	0.000000e+00	3.773316e-05
7.324040e-08	8.500000e-01	0.000000e+00	8.500000e-01	0.000000e+00	2.412155e-05
7.424972e-08	8.500000e-01	0.000000e+00	8.500000e-01	0.000000e+00	2.966451e-05
7.626837e-08	8.500000e-01	0.000000e+00	8.500000e-01	0.000000e+00	2.758047e-05
7.845076e-08	8.500000e-01	0.000000e+00	8.500000e-01	0.000000e+00	2.845721e-05
8.000000e-08	8.500000e-01	0.000000e+00	8.500000e-01	0.000000e+00	2.866803e-05
8.005000e-08	8.500000e-01	8.500000e-02	8.500000e-01	0.000000e+00	3.519715e-05
8.015000e-08	8.500000e-01	2.550000e-01	8.500000e-01	0.000000e+00	5.623831e-05
8.035000e-08	8.500000e-01	5.950000e-01	8.500000e-01	0.000000e+00	1.003764e-04
8.050000e-08	8.500000e-01	8.500000e-01	8.500000e-01	0.000000e+00	-8.866944e-04
8.054000e-08	8.500000e-01	8.500000e-01	8.500000e-01	0.000000e+00	-1.648693e-03
8.062000e-08	8.500000e-01	8.500000e-01	8.500000e-01	0.000000e+00	-3.815945e-03
8.078000e-08	8.500000e-01	8.500000e-01	8.500000e-01	0.000000e+00	-1.891241e-03
8.110000e-08	8.500000e-01	8.500000e-01	8.500000e-01	0.000000e+00	2.063047e-01
8.174000e-08	8.500000e-01	8.500000e-01	8.500000e-01	0.000000e+00	7.415433e-01
8.292545e-08	8.500000e-01	8.500000e-01	8.500000e-01	0.000000e+00	8.901510e-01
8.409377e-08	8.500000e-01	8.500000e-01	8.500000e-01	0.000000e+00	8.317020e-01
8.550000e-08	8.500000e-01	8.500000e-01	8.500000e-01	0.000000e+00	8.591881e-01
8.555000e-08	7.650000e-01	8.500000e-01	7.650000e-01	0.000000e+00	8.559251e-01
8.565000e-08	5.950000e-01	8.500000e-01	5.950000e-01	0.000000e+00	8.474090e-01
8.585000e-08	2.550000e-01	8.500000e-01	2.550000e-01	0.000000e+00	8.169561e-01
8.600000e-08	2.053913e-14	8.500000e-01	2.620126e-14	0.000000e+00	7.885039e-01
8.604000e-08	0.000000e+00	8.500000e-01	0.000000e+00	0.000000e+00	7.869065e-01
8.612000e-08	0.000000e+00	8.500000e-01	0.000000e+00	0.000000e+00	7.866753e-01
8.628000e-08	0.000000e+00	8.500000e-01	0.000000e+00	0.000000e+00	7.951983e-01
8.660000e-08	0.000000e+00	8.500000e-01	0.000000e+00	0.000000e+00	8.151828e-01
8.724000e-08	0.000000e+00	8.500000e-01	0.000000e+00	0.000000e+00	8.370793e-01
8.833702e-08	0.000000e+00	8.500000e-01	0.000000e+00	0.000000e+00	8.482103e-01
8.990756e-08	0.000000e+00	8.500000e-01	0.000000e+00	0.000000e+00	8.499333e-01
9.050000e-08	0.000000e+00	8.500000e-01	0.000000e+00	0.000000e+00	8.497737e-01
9.055000e-08	0.000000e+00	7.650000e-01	0.000000e+00	0.000000e+00	8.497710e-01
9.065000e-08	0.000000e+00	5.950000e-01	0.000000e+00	0.000000e+00	8.497637e-01
9.085000e-08	0.000000e+00	2.550000e-01	0.000000e+00	0.000000e+00	8.497540e-01
9.100000e-08	0.000000e+00	1.221245e-14	0.000000e+00	0.000000e+00	8.497474e-01
9.104000e-08	0.000000e+00	0.000000e+00	0.000000e+00	0.000000e+00	8.497496e-01
9.112000e-08	0.000000e+00	0.000000e+00	0.000000e+00	0.000000e+00	8.497331e-01
9.128000e-08	0.000000e+00	0.000000e+00	0.000000e+00	0.000000e+00	8.496770e-01
9.160000e-08	0.000000e+00	0.000000e+00	0.000000e+00	0.000000e+00	8.496371e-01
9.224000e-08	0.000000e+00	0.000000e+00	0.000000e+00	0.000000e+00	8.496290e-01
9.352000e-08	0.000000e+00	0.000000e+00	0.000000e+00	0.000000e+00	8.496343e-01
9.508627e-08	0.000000e+00	0.000000e+00	0.000000e+00	0.000000e+00	8.497241e-01
9.821882e-08	0.000000e+00	0.000000e+00	0.000000e+00	0.000000e+00	8.497604e-01
1.000000e-07	0.000000e+00	0.000000e+00	0.000000e+00	0.000000e+00	8.497120e-01
1.000500e-07	0.000000e+00	8.500000e-02	0.000000e+00	0.000000e+00	8.497172e-01
1.001500e-07	0.000000e+00	2.550000e-01	0.000000e+00	0.000000e+00	8.497012e-01
1.003500e-07	0.000000e+00	5.950000e-01	0.000000e+00	0.000000e+00	8.496356e-01
1.005000e-07	0.000000e+00	8.500000e-01	0.000000e+00	0.000000e+00	8.496253e-01
1.005400e-07	0.000000e+00	8.500000e-01	0.000000e+00	0.000000e+00	8.496294e-01
1.006200e-07	0.000000e+00	8.500000e-01	0.000000e+00	0.000000e+00	8.496342e-01
1.007800e-07	0.000000e+00	8.500000e-01	0.000000e+00	0.000000e+00	8.496232e-01
1.011000e-07	0.000000e+00	8.500000e-01	0.000000e+00	0.000000e+00	8.496142e-01
1.017400e-07	0.000000e+00	8.500000e-01	0.000000e+00	0.000000e+00	8.496409e-01
1.030200e-07	0.000000e+00	8.500000e-01	0.000000e+00	0.000000e+00	8.496614e-01
1.050000e-07	0.000000e+00	8.500000e-01	0.000000e+00	0.000000e+00	8.496708e-01
1.050500e-07	8.500000e-02	8.500000e-01	0.000000e+00	0.000000e+00	8.496883e-01
1.051500e-07	2.550000e-01	8.500000e-01	0.000000e+00	0.000000e+00	8.497278e-01
1.053500e-07	5.950000e-01	8.500000e-01	0.000000e+00	0.000000e+00	8.498031e-01
1.055000e-07	8.500000e-01	8.500000e-01	0.000000e+00	0.000000e+00	8.498384e-01
1.055400e-07	8.500000e-01	8.500000e-01	0.000000e+00	0.000000e+00	8.498339e-01
1.056200e-07	8.500000e-01	8.500000e-01	0.000000e+00	0.000000e+00	8.498246e-01
1.057800e-07	8.500000e-01	8.500000e-01	0.000000e+00	0.000000e+00	8.498324e-01
1.061000e-07	8.500000e-01	8.500000e-01	0.000000e+00	0.000000e+00	8.498273e-01
1.067400e-07	8.500000e-01	8.500000e-01	0.000000e+00	0.000000e+00	8.498360e-01
1.080200e-07	8.500000e-01	8.500000e-01	0.000000e+00	0.000000e+00	8.498611e-01
1.105000e-07	8.500000e-01	8.500000e-01	0.000000e+00	0.000000e+00	8.498656e-01
1.105500e-07	8.500000e-01	7.650000e-01	0.000000e+00	0.000000e+00	8.499149e-01
1.106500e-07	8.500000e-01	5.950000e-01	0.000000e+00	0.000000e+00	8.498807e-01
1.108500e-07	8.500000e-01	2.550000e-01	0.000000e+00	0.000000e+00	8.498690e-01
1.110000e-07	8.500000e-01	1.221245e-14	0.000000e+00	0.000000e+00	8.498790e-01
1.110400e-07	8.500000e-01	0.000000e+00	0.000000e+00	0.000000e+00	8.498876e-01
1.111200e-07	8.500000e-01	0.000000e+00	0.000000e+00	0.000000e+00	8.498861e-01
1.112800e-07	8.500000e-01	0.000000e+00	0.000000e+00	0.000000e+00	8.498606e-01
1.116000e-07	8.500000e-01	0.000000e+00	0.000000e+00	0.000000e+00	8.498513e-01
1.122400e-07	8.500000e-01	0.000000e+00	0.000000e+00	0.000000e+00	8.498608e-01
1.135200e-07	8.500000e-01	0.000000e+00	0.000000e+00	0.000000e+00	8.498568e-01
1.150863e-07	8.500000e-01	0.000000e+00	0.000000e+00	0.000000e+00	8.498614e-01
1.182188e-07	8.500000e-01	0.000000e+00	0.000000e+00	0.000000e+00	8.498580e-01
1.200000e-07	8.500000e-01	0.000000e+00	0.000000e+00	0.000000e+00	8.498614e-01
1.200500e-07	8.500000e-01	8.500000e-02	0.000000e+00	0.000000e+00	8.498753e-01
1.201500e-07	8.500000e-01	2.550000e-01	0.000000e+00	0.000000e+00	8.498790e-01
1.203500e-07	8.500000e-01	5.950000e-01	0.000000e+00	0.000000e+00	8.498459e-01
1.205000e-07	8.500000e-01	8.500000e-01	0.000000e+00	0.000000e+00	8.498470e-01
1.205400e-07	8.500000e-01	8.500000e-01	0.000000e+00	0.000000e+00	8.498561e-01
1.206200e-07	8.500000e-01	8.500000e-01	0.000000e+00	0.000000e+00	8.498714e-01
1.207800e-07	8.500000e-01	8.500000e-01	0.000000e+00	0.000000e+00	8.498762e-01
1.211000e-07	8.500000e-01	8.500000e-01	0.000000e+00	0.000000e+00	8.498673e-01
1.217400e-07	8.500000e-01	8.500000e-01	0.000000e+00	0.000000e+00	8.498668e-01
1.230200e-07	8.500000e-01	8.500000e-01	0.000000e+00	0.000000e+00	8.498606e-01
1.255000e-07	8.500000e-01	8.500000e-01	0.000000e+00	0.000000e+00	8.498614e-01
1.255500e-07	7.650000e-01	8.500000e-01	0.000000e+00	0.000000e+00	8.498433e-01
1.256500e-07	5.950000e-01	8.500000e-01	0.000000e+00	0.000000e+00	8.498220e-01
1.258500e-07	2.550000e-01	8.500000e-01	0.000000e+00	0.000000e+00	8.498086e-01
1.260000e-07	0.000000e+00	8.500000e-01	0.000000e+00	0.000000e+00	8.497890e-01
1.260400e-07	0.000000e+00	8.500000e-01	0.000000e+00	0.000000e+00	8.497914e-01
1.261200e-07	0.000000e+00	8.500000e-01	0.000000e+00	0.000000e+00	8.497978e-01
1.262800e-07	0.000000e+00	8.500000e-01	0.000000e+00	0.000000e+00	8.498023e-01
1.266000e-07	0.000000e+00	8.500000e-01	0.000000e+00	0.000000e+00	8.498002e-01
1.272400e-07	0.000000e+00	8.500000e-01	0.000000e+00	0.000000e+00	8.497927e-01
1.285200e-07	0.000000e+00	8.500000e-01	0.000000e+00	0.000000e+00	8.497829e-01
1.305000e-07	0.000000e+00	8.500000e-01	0.000000e+00	0.000000e+00	8.497170e-01
1.305500e-07	0.000000e+00	7.650000e-01	0.000000e+00	0.000000e+00	8.497007e-01
1.306500e-07	0.000000e+00	5.950000e-01	0.000000e+00	0.000000e+00	8.496482e-01
1.308500e-07	0.000000e+00	2.550000e-01	0.000000e+00	0.000000e+00	8.495731e-01
1.310000e-07	0.000000e+00	0.000000e+00	0.000000e+00	0.000000e+00	8.495506e-01
1.310400e-07	0.000000e+00	0.000000e+00	0.000000e+00	0.000000e+00	8.495463e-01
1.311200e-07	0.000000e+00	0.000000e+00	0.000000e+00	0.000000e+00	8.495157e-01
1.312800e-07	0.000000e+00	0.000000e+00	0.000000e+00	0.000000e+00	8.494460e-01
1.316000e-07	0.000000e+00	0.000000e+00	0.000000e+00	0.000000e+00	8.494376e-01
1.322400e-07	0.000000e+00	0.000000e+00	0.000000e+00	0.000000e+00	8.495170e-01
1.335200e-07	0.000000e+00	0.000000e+00	0.000000e+00	0.000000e+00	8.496895e-01
1.350863e-07	0.000000e+00	0.000000e+00	0.000000e+00	0.000000e+00	8.497412e-01
1.382188e-07	0.000000e+00	0.000000e+00	0.000000e+00	0.000000e+00	8.497283e-01
1.400000e-07	0.000000e+00	0.000000e+00	0.000000e+00	0.000000e+00	8.497276e-01
1.400500e-07	0.000000e+00	8.500000e-02	0.000000e+00	0.000000e+00	8.497322e-01
1.401500e-07	0.000000e+00	2.550000e-01	0.000000e+00	0.000000e+00	8.497189e-01
1.403500e-07	0.000000e+00	5.950000e-01	0.000000e+00	0.000000e+00	8.496625e-01
1.405000e-07	0.000000e+00	8.500000e-01	0.000000e+00	0.000000e+00	8.496561e-01
1.405400e-07	0.000000e+00	8.500000e-01	0.000000e+00	0.000000e+00	8.496623e-01
1.406200e-07	0.000000e+00	8.500000e-01	0.000000e+00	0.000000e+00	8.496715e-01
1.407800e-07	0.000000e+00	8.500000e-01	0.000000e+00	0.000000e+00	8.496662e-01
1.411000e-07	0.000000e+00	8.500000e-01	0.000000e+00	0.000000e+00	8.496557e-01
1.417400e-07	0.000000e+00	8.500000e-01	0.000000e+00	0.000000e+00	8.496480e-01
1.430200e-07	0.000000e+00	8.500000e-01	0.000000e+00	0.000000e+00	8.496909e-01
1.450000e-07	0.000000e+00	8.500000e-01	0.000000e+00	0.000000e+00	8.496836e-01
1.450500e-07	8.500000e-02	8.500000e-01	8.500000e-02	8.500000e-02	8.536856e-01
1.451500e-07	2.550000e-01	8.500000e-01	2.550000e-01	2.550000e-01	8.604548e-01
1.453500e-07	5.950000e-01	8.500000e-01	5.950000e-01	5.950000e-01	8.627603e-01
1.455000e-07	8.500000e-01	8.500000e-01	8.500000e-01	8.500000e-01	8.598524e-01
1.455400e-07	8.500000e-01	8.500000e-01	8.500000e-01	8.500000e-01	8.582674e-01
1.456200e-07	8.500000e-01	8.500000e-01	8.500000e-01	8.500000e-01	8.556737e-01
1.457800e-07	8.500000e-01	8.500000e-01	8.500000e-01	8.500000e-01	8.526924e-01
1.461000e-07	8.500000e-01	8.500000e-01	8.500000e-01	8.500000e-01	8.503490e-01
1.467400e-07	8.500000e-01	8.500000e-01	8.500000e-01	8.500000e-01	8.497647e-01
1.473703e-07	8.500000e-01	8.500000e-01	8.500000e-01	8.500000e-01	8.498663e-01
1.486308e-07	8.500000e-01	8.500000e-01	8.500000e-01	8.500000e-01	8.498577e-01
1.503071e-07	8.500000e-01	8.500000e-01	8.500000e-01	8.500000e-01	8.498589e-01
1.505000e-07	8.500000e-01	8.500000e-01	8.500000e-01	8.500000e-01	8.498601e-01
1.505500e-07	8.500000e-01	7.650000e-01	8.500000e-01	8.500000e-01	8.498541e-01
1.506500e-07	8.500000e-01	5.950000e-01	8.500000e-01	8.500000e-01	8.498455e-01
1.508500e-07	8.500000e-01	2.550000e-01	8.500000e-01	8.500000e-01	8.498563e-01
1.510000e-07	8.500000e-01	0.000000e+00	8.500000e-01	8.500000e-01	8.498757e-01
1.510400e-07	8.500000e-01	0.000000e+00	8.500000e-01	8.500000e-01	8.498875e-01
1.511200e-07	8.500000e-01	0.000000e+00	8.500000e-01	8.500000e-01	8.498886e-01
1.512800e-07	8.500000e-01	0.000000e+00	8.500000e-01	8.500000e-01	8.498585e-01
1.516000e-07	8.500000e-01	0.000000e+00	8.500000e-01	8.500000e-01	8.498490e-01
1.522400e-07	8.500000e-01	0.000000e+00	8.500000e-01	8.500000e-01	8.498620e-01
1.530727e-07	8.500000e-01	0.000000e+00	8.500000e-01	8.500000e-01	8.498588e-01
1.546604e-07	8.500000e-01	0.000000e+00	8.500000e-01	8.500000e-01	8.498603e-01
1.563024e-07	8.500000e-01	0.000000e+00	8.500000e-01	8.500000e-01	8.498584e-01
1.590886e-07	8.500000e-01	0.000000e+00	8.500000e-01	8.500000e-01	8.498601e-01
1.600000e-07	8.500000e-01	0.000000e+00	8.500000e-01	8.500000e-01	8.498585e-01
1.600500e-07	8.500000e-01	8.500000e-02	8.500000e-01	8.500000e-01	8.498737e-01
1.601500e-07	8.500000e-01	2.550000e-01	8.500000e-01	8.500000e-01	8.498580e-01
1.603500e-07	8.500000e-01	5.950000e-01	8.500000e-01	8.500000e-01	8.496116e-01
1.605000e-07	8.500000e-01	8.500000e-01	8.500000e-01	8.500000e-01	8.502633e-01
1.605400e-07	8.500000e-01	8.500000e-01	8.500000e-01	8.500000e-01	8.510406e-01
1.606200e-07	8.500000e-01	8.500000e-01	8.500000e-01	8.500000e-01	8.535051e-01
1.607800e-07	8.500000e-01	8.500000e-01	8.500000e-01	8.500000e-01	8.435105e-01
1.611000e-07	8.500000e-01	8.500000e-01	8.500000e-01	8.500000e-01	3.763951e-01
1.617400e-07	8.500000e-01	8.500000e-01	8.500000e-01	8.500000e-01	-5.176271e-02
1.623941e-07	8.500000e-01	8.500000e-01	8.500000e-01	8.500000e-01	4.071289e-02
1.637022e-07	8.500000e-01	8.500000e-01	8.500000e-01	8.500000e-01	-3.413272e-02
1.650425e-07	8.500000e-01	8.500000e-01	8.500000e-01	8.500000e-01	3.066178e-02
1.655000e-07	8.500000e-01	8.500000e-01	8.500000e-01	8.500000e-01	-1.995546e-02
1.655500e-07	7.650000e-01	8.500000e-01	8.500000e-01	8.500000e-01	-9.305544e-03
1.656500e-07	5.950000e-01	8.500000e-01	8.500000e-01	8.500000e-01	6.412763e-04
1.658500e-07	2.550000e-01	8.500000e-01	8.500000e-01	8.500000e-01	-2.656650e-04
1.660000e-07	0.000000e+00	8.500000e-01	8.500000e-01	8.500000e-01	6.765489e-05
1.660400e-07	0.000000e+00	8.500000e-01	8.500000e-01	8.500000e-01	6.863056e-05
1.661200e-07	0.000000e+00	8.500000e-01	8.500000e-01	8.500000e-01	2.782063e-05
1.662800e-07	0.000000e+00	8.500000e-01	8.500000e-01	8.500000e-01	-3.330084e-05
1.666000e-07	0.000000e+00	8.500000e-01	8.500000e-01	8.500000e-01	2.677089e-05
1.672400e-07	0.000000e+00	8.500000e-01	8.500000e-01	8.500000e-01	-2.187522e-05
1.685200e-07	0.000000e+00	8.500000e-01	8.500000e-01	8.500000e-01	2.107999e-05
1.705000e-07	0.000000e+00	8.500000e-01	8.500000e-01	8.500000e-01	-1.914877e-05
1.705500e-07	0.000000e+00	7.650000e-01	8.500000e-01	8.500000e-01	-1.594982e-05
1.706500e-07	0.000000e+00	5.950000e-01	8.500000e-01	8.500000e-01	-6.602164e-06
1.708500e-07	0.000000e+00	2.550000e-01	8.500000e-01	8.500000e-01	2.174682e-06
1.710000e-07	0.000000e+00	0.000000e+00	8.500000e-01	8.500000e-01	1.290764e-05
1.710400e-07	0.000000e+00	0.000000e+00	8.500000e-01	8.500000e-01	2.445554e-05
1.711200e-07	0.000000e+00	0.000000e+00	8.500000e-01	8.500000e-01	2.941729e-05
1.712800e-07	0.000000e+00	0.000000e+00	8.500000e-01	8.500000e-01	-3.627871e-06
1.716000e-07	0.000000e+00	0.000000e+00	8.500000e-01	8.500000e-01	-1.685206e-05
1.722400e-07	0.000000e+00	0.000000e+00	8.500000e-01	8.500000e-01	1.042158e-05
1.735200e-07	0.000000e+00	0.000000e+00	8.500000e-01	8.500000e-01	-5.180028e-06
1.750863e-07	0.000000e+00	0.000000e+00	8.500000e-01	8.500000e-01	3.654090e-06
1.782188e-07	0.000000e+00	0.000000e+00	8.500000e-01	8.500000e-01	-1.978956e-06
1.800000e-07	0.000000e+00	0.000000e+00	8.500000e-01	8.500000e-01	1.693848e-06
1.800500e-07	0.000000e+00	8.500000e-02	8.500000e-01	8.500000e-01	7.720482e-06
1.801500e-07	0.000000e+00	2.550000e-01	8.500000e-01	8.500000e-01	9.881594e-06
1.803500e-07	0.000000e+00	5.950000e-01	8.500000e-01	8.500000e-01	-2.627980e-05
1.805000e-07	0.000000e+00	8.500000e-01	8.500000e-01	8.500000e-01	1.667710e-05
1.805400e-07	0.000000e+00	8.500000e-01	8.500000e-01	8.500000e-01	1.559432e-05
1.806200e-07	0.000000e+00	8.500000e-01	8.500000e-01	8.500000e-01	9.929617e-06
1.807800e-07	0.000000e+00	8.500000e-01	8.500000e-01	8.500000e-01	-1.768615e-06
1.811000e-07	0.000000e+00	8.500000e-01	8.500000e-01	8.500000e-01	-1.477369e-07
1.817400e-07	0.000000e+00	8.500000e-01	8.500000e-01	8.500000e-01	5.569231e-07
1.830200e-07	0.000000e+00	8.500000e-01	8.500000e-01	8.500000e-01	3.176718e-07
1.850000e-07	0.000000e+00	8.500000e-01	8.500000e-01	8.500000e-01	4.947699e-07
1.850500e-07	8.500000e-02	8.500000e-01	8.500000e-01	8.500000e-01	5.510528e-05
1.851500e-07	2.550000e-01	8.500000e-01	8.500000e-01	8.500000e-01	4.773861e-05
1.853500e-07	5.950000e-01	8.500000e-01	8.500000e-01	8.500000e-01	5.620150e-05
1.855000e-07	8.500000e-01	8.500000e-01	8.500000e-01	8.500000e-01	1.336247e-05
1.855400e-07	8.500000e-01	8.500000e-01	8.500000e-01	8.500000e-01	-9.718393e-06
1.856200e-07	8.500000e-01	8.500000e-01	8.500000e-01	8.500000e-01	2.637797e-06
1.857800e-07	8.500000e-01	8.500000e-01	8.500000e-01	8.500000e-01	3.735470e-05
1.861000e-07	8.500000e-01	8.500000e-01	8.500000e-01	8.500000e-01	1.700522e-05
1.867400e-07	8.500000e-01	8.500000e-01	8.500000e-01	8.500000e-01	3.561834e-05
1.880200e-07	8.500000e-01	8.500000e-01	8.500000e-01	8.500000e-01	2.190695e-05
1.905000e-07	8.500000e-01	8.500000e-01	8.500000e-01	8.500000e-01	3.389589e-05
1.905500e-07	8.500000e-01	7.650000e-01	8.500000e-01	8.500000e-01	2.105575e-05
1.906500e-07	8.500000e-01	5.950000e-01	8.500000e-01	8.500000e-01	1.901605e-05
1.908500e-07	8.500000e-01	2.550000e-01	8.500000e-01	8.500000e-01	3.149476e-05
1.910000e-07	8.500000e-01	0.000000e+00	8.500000e-01	8.500000e-01	4.031168e-05
1.910400e-07	8.500000e-01	0.000000e+00	8.500000e-01	8.500000e-01	5.176306e-05
1.911200e-07	8.500000e-01	0.000000e+00	8.500000e-01	8.500000e-01	5.724097e-05
1.912800e-07	8.500000e-01	0.000000e+00	8.500000e-01	8.500000e-01	2.429336e-05
1.916000e-07	8.500000e-01	0.000000e+00	8.500000e-01	8.500000e-01	1.106074e-05
1.922400e-07	8.500000e-01	0.000000e+00	8.500000e-01	8.500000e-01	3.831101e-05
1.935200e-07	8.500000e-01	0.000000e+00	8.500000e-01	8.500000e-01	2.270304e-05
1.950863e-07	8.500000e-01	0.000000e+00	8.500000e-01	8.500000e-01	3.152089e-05
1.955000e-07	8.500000e-01	0.000000e+00	8.500000e-01	8.500000e-01	2.758803e-05
1.955500e-07	8.500000e-01	0.000000e+00	8.500000e-01	7.650000e-01	2.483458e-05
1.956500e-07	8.500000e-01	0.000000e+00	8.500000e-01	5.950000e-01	2.796747e-05
1.958500e-07	8.500000e-01	0.000000e+00	8.500000e-01	2.550000e-01	2.830753e-05
1.960000e-07	8.500000e-01	0.000000e+00	8.500000e-01	0.000000e+00	2.790034e-05
1.960400e-07	8.500000e-01	0.000000e+00	8.500000e-01	0.000000e+00	2.708473e-05
1.961200e-07	8.500000e-01	0.000000e+00	8.500000e-01	0.000000e+00	2.463323e-05
1.962800e-07	8.500000e-01	0.000000e+00	8.500000e-01	0.000000e+00	2.632417e-05
1.966000e-07	8.500000e-01	0.000000e+00	8.500000e-01	0.000000e+00	3.042120e-05
1.971221e-07	8.500000e-01	0.000000e+00	8.500000e-01	0.000000e+00	2.603316e-05
1.977544e-07	8.500000e-01	0.000000e+00	8.500000e-01	0.000000e+00	3.042073e-05
1.986795e-07	8.500000e-01	0.000000e+00	8.500000e-01	0.000000e+00	2.608680e-05
2.000000e-07	8.500000e-01	0.000000e+00	8.500000e-01	0.000000e+00	3.025551e-05
2.000500e-07	8.500000e-01	8.500000e-02	8.500000e-01	0.000000e+00	3.777836e-05
2.001500e-07	8.500000e-01	2.550000e-01	8.500000e-01	0.000000e+00	5.849398e-05
2.003500e-07	8.500000e-01	5.950000e-01	8.500000e-01	0.000000e+00	9.920753e-05
2.005000e-07	8.500000e-01	8.500000e-01	8.500000e-01	0.000000e+00	-8.886030e-04
2.005400e-07	8.500000e-01	8.500000e-01	8.500000e-01	0.000000e+00	-1.706122e-03
2.006200e-07	8.500000e-01	8.500000e-01	8.500000e-01	0.000000e+00	-3.820467e-03
2.007800e-07	8.500000e-01	8.500000e-01	8.500000e-01	0.000000e+00	-1.888388e-03
2.011000e-07	8.500000e-01	8.500000e-01	8.500000e-01	0.000000e+00	2.063073e-01
2.017400e-07	8.500000e-01	8.500000e-01	8.500000e-01	0.000000e+00	7.415418e-01
2.029254e-07	8.500000e-01	8.500000e-01	8.500000e-01	0.000000e+00	8.901522e-01
2.040938e-07	8.500000e-01	8.500000e-01	8.500000e-01	0.000000e+00	8.317003e-01
2.055000e-07	8.500000e-01	8.500000e-01	8.500000e-01	0.000000e+00	8.591891e-01
2.055500e-07	7.650000e-01	8.500000e-01	7.650000e-01	0.000000e+00	8.559265e-01
2.056500e-07	5.950000e-01	8.500000e-01	5.950000e-01	0.000000e+00	8.474087e-01
2.058500e-07	2.550000e-01	8.500000e-01	2.550000e-01	0.000000e+00	8.169547e-01
2.060000e-07	0.000000e+00	8.500000e-01	0.000000e+00	0.000000e+00	7.885021e-01
2.060400e-07	0.000000e+00	8.500000e-01	0.000000e+00	0.000000e+00	7.869051e-01
2.061200e-07	0.000000e+00	8.500000e-01	0.000000e+00	0.000000e+00	7.866744e-01
2.062800e-07	0.000000e+00	8.500000e-01	0.000000e+00	0.000000e+00	7.951983e-01
2.066000e-07	0.000000e+00	8.500000e-01	0.000000e+00	0.000000e+00	8.151824e-01
2.072400e-07	0.000000e+00	8.500000e-01	0.000000e+00	0.000000e+00	8.370788e-01
2.083370e-07	0.000000e+00	8.500000e-01	0.000000e+00	0.000000e+00	8.482105e-01
2.099075e-07	0.000000e+00	8.500000e-01	0.000000e+00	0.000000e+00	8.499331e-01
2.105000e-07	0.000000e+00	8.500000e-01	0.000000e+00	0.000000e+00	8.497738e-01
2.105500e-07	0.000000e+00	7.650000e-01	0.000000e+00	0.000000e+00	8.497711e-01
2.106500e-07	0.000000e+00	5.950000e-01	0.000000e+00	0.000000e+00	8.497636e-01
2.108500e-07	0.000000e+00	2.550000e-01	0.000000e+00	0.000000e+00	8.497539e-01
2.110000e-07	0.000000e+00	0.000000e+00	0.000000e+00	0.000000e+00	8.497473e-01
2.110400e-07	0.000000e+00	0.000000e+00	0.000000e+00	0.000000e+00	8.497494e-01
2.111200e-07	0.000000e+00	0.000000e+00	0.000000e+00	0.000000e+00	8.497328e-01
2.112800e-07	0.000000e+00	0.000000e+00	0.000000e+00	0.000000e+00	8.496767e-01
2.116000e-07	0.000000e+00	0.000000e+00	0.000000e+00	0.000000e+00	8.496368e-01
2.122400e-07	0.000000e+00	0.000000e+00	0.000000e+00	0.000000e+00	8.496288e-01
2.135200e-07	0.000000e+00	0.000000e+00	0.000000e+00	0.000000e+00	8.496341e-01
2.150863e-07	0.000000e+00	0.000000e+00	0.000000e+00	0.000000e+00	8.497241e-01
2.182188e-07	0.000000e+00	0.000000e+00	0.000000e+00	0.000000e+00	8.497606e-01
2.200000e-07	0.000000e+00	0.000000e+00	0.000000e+00	0.000000e+00	8.497118e-01
2.200500e-07	0.000000e+00	8.500000e-02	0.000000e+00	0.000000e+00	8.497169e-01
2.201500e-07	0.000000e+00	2.550000e-01	0.000000e+00	0.000000e+00	8.497009e-01
2.203500e-07	0.000000e+00	5.950000e-01	0.000000e+00	0.000000e+00	8.496352e-01
2.205000e-07	0.000000e+00	8.500000e-01	0.000000e+00	0.000000e+00	8.496250e-01
2.205400e-07	0.000000e+00	8.500000e-01	0.000000e+00	0.000000e+00	8.496291e-01
2.206200e-07	0.000000e+00	8.500000e-01	0.000000e+00	0.000000e+00	8.496338e-01
2.207800e-07	0.000000e+00	8.500000e-01	0.000000e+00	0.000000e+00	8.496227e-01
2.211000e-07	0.000000e+00	8.500000e-01	0.000000e+00	0.000000e+00	8.496138e-01
2.217400e-07	0.000000e+00	8.500000e-01	0.000000e+00	0.000000e+00	8.496407e-01
2.230200e-07	0.000000e+00	8.500000e-01	0.000000e+00	0.000000e+00	8.496613e-01
2.250000e-07	0.000000e+00	8.500000e-01	0.000000e+00	0.000000e+00	8.496707e-01
2.250500e-07	8.500000e-02	8.500000e-01	0.000000e+00	0.000000e+00	8.496882e-01
2.251500e-07	2.550000e-01	8.500000e-01	0.000000e+00	0.000000e+00	8.497277e-01
2.253500e-07	5.950000e-01	8.500000e-01	0.000000e+00	0.000000e+00	8.498030e-01
2.255000e-07	8.500000e-01	8.500000e-01	0.000000e+00	0.000000e+00	8.498383e-01
2.255400e-07	8.500000e-01	8.500000e-01	0.000000e+00	0.000000e+00	8.498338e-01
2.256200e-07	8.500000e-01	8.500000e-01	0.000000e+00	0.000000e+00	8.498245e-01
2.257800e-07	8.500000e-01	8.500000e-01	0.000000e+00	0.000000e+00	8.498324e-01
2.261000e-07	8.500000e-01	8.500000e-01	0.000000e+00	0.000000e+00	8.498274e-01
2.267400e-07	8.500000e-01	8.500000e-01	0.000000e+00	0.000000e+00	8.498360e-01
2.280200e-07	8.500000e-01	8.500000e-01	0.000000e+00	0.000000e+00	8.498612e-01
2.305000e-07	8.500000e-01	8.500000e-01	0.000000e+00	0.000000e+00	8.498656e-01
2.305500e-07	8.500000e-01	7.650000e-01	0.000000e+00	0.000000e+00	8.499149e-01
2.306500e-07	8.500000e-01	5.950000e-01	0.000000e+00	0.000000e+00	8.498806e-01
2.308500e-07	8.500000e-01	2.550000e-01	0.000000e+00	0.000000e+00	8.498691e-01
2.310000e-07	8.500000e-01	0.000000e+00	0.000000e+00	0.000000e+00	8.498792e-01
2.310400e-07	8.500000e-01	0.000000e+00	0.000000e+00	0.000000e+00	8.498877e-01
2.311200e-07	8.500000e-01	0.000000e+00	0.000000e+00	0.000000e+00	8.498863e-01
2.312800e-07	8.500000e-01	0.000000e+00	0.000000e+00	0.000000e+00	8.498609e-01
2.316000e-07	8.500000e-01	0.000000e+00	0.000000e+00	0.000000e+00	8.498515e-01
2.322400e-07	8.500000e-01	0.000000e+00	0.000000e+00	0.000000e+00	8.498610e-01
2.335200e-07	8.500000e-01	0.000000e+00	0.000000e+00	0.000000e+00	8.498568e-01
2.350863e-07	8.500000e-01	0.000000e+00	0.000000e+00	0.000000e+00	8.498614e-01
2.382188e-07	8.500000e-01	0.000000e+00	0.000000e+00	0.000000e+00	8.498581e-01
2.400000e-07	8.500000e-01	0.000000e+00	0.000000e+00	0.000000e+00	8.498615e-01
2.400500e-07	8.500000e-01	8.500000e-02	0.000000e+00	0.000000e+00	8.498754e-01
2.401500e-07	8.500000e-01	2.550000e-01	0.000000e+00	0.000000e+00	8.498793e-01
2.403500e-07	8.500000e-01	5.950000e-01	0.000000e+00	0.000000e+00	8.498463e-01
2.405000e-07	8.500000e-01	8.500000e-01	0.000000e+00	0.000000e+00	8.498475e-01
2.405400e-07	8.500000e-01	8.500000e-01	0.000000e+00	0.000000e+00	8.498566e-01
2.406200e-07	8.500000e-01	8.500000e-01	0.000000e+00	0.000000e+00	8.498720e-01
2.407800e-07	8.500000e-01	8.500000e-01	0.000000e+00	0.000000e+00	8.498768e-01
2.411000e-07	8.500000e-01	8.500000e-01	0.000000e+00	0.000000e+00	8.498679e-01
2.417400e-07	8.500000e-01	8.500000e-01	0.000000e+00	0.000000e+00	8.498671e-01
2.430200e-07	8.500000e-01	8.500000e-01	0.000000e+00	0.000000e+00	8.498607e-01
2.450000e-07	8.500000e-01	8.500000e-01	0.000000e+00	2.249931e-14	8.498616e-01
2.450500e-07	8.500000e-01	8.500000e-01	0.000000e+00	8.500000e-02	8.498649e-01
2.451500e-07	8.500000e-01	8.500000e-01	0.000000e+00	2.550000e-01	8.498602e-01
2.453500e-07	8.500000e-01	8.500000e-01	0.000000e+00	5.950000e-01	8.497820e-01
2.455000e-07	8.500000e-01	8.500000e-01	0.000000e+00	8.500000e-01	8.516896e-01
2.455400e-07	7.820000e-01	8.500000e-01	0.000000e+00	8.500000e-01	8.529703e-01
2.456200e-07	6.460000e-01	8.500000e-01	0.000000e+00	8.500000e-01	8.558033e-01
2.457800e-07	3.740000e-01	8.500000e-01	0.000000e+00	8.500000e-01	8.616302e-01
2.460000e-07	0.000000e+00	8.500000e-01	0.000000e+00	8.500000e-01	8.668616e-01
2.460320e-07	0.000000e+00	8.500000e-01	0.000000e+00	8.500000e-01	8.671807e-01
2.460960e-07	0.000000e+00	8.500000e-01	0.000000e+00	8.500000e-01	8.676002e-01
2.462240e-07	0.000000e+00	8.500000e-01	0.000000e+00	8.500000e-01	8.674217e-01
2.464800e-07	0.000000e+00	8.500000e-01	0.000000e+00	8.500000e-01	8.644555e-01
2.469511e-07	0.000000e+00	8.500000e-01	0.000000e+00	8.500000e-01	8.575379e-01
2.478934e-07	0.000000e+00	8.500000e-01	0.000000e+00	8.500000e-01	8.508255e-01
2.496379e-07	0.000000e+00	8.500000e-01	0.000000e+00	8.500000e-01	8.496190e-01
2.505000e-07	0.000000e+00	8.500000e-01	0.000000e+00	8.500000e-01	8.497336e-01
2.505500e-07	0.000000e+00	7.650000e-01	0.000000e+00	8.500000e-01	8.497347e-01
2.506500e-07	0.000000e+00	5.950000e-01	0.000000e+00	8.500000e-01	8.497359e-01
2.508500e-07	0.000000e+00	2.550000e-01	0.000000e+00	8.500000e-01	8.497503e-01
2.510000e-07	0.000000e+00	3.463896e-14	0.000000e+00	8.500000e-01	8.497669e-01
2.510400e-07	0.000000e+00	0.000000e+00	0.000000e+00	8.500000e-01	8.497779e-01
2.511200e-07	0.000000e+00	0.000000e+00	0.000000e+00	8.500000e-01	8.497795e-01
2.512800e-07	0.000000e+00	0.000000e+00	0.000000e+00	8.500000e-01	8.497559e-01
2.516000e-07	0.000000e+00	0.000000e+00	0.000000e+00	8.500000e-01	8.497541e-01
2.522400e-07	0.000000e+00	0.000000e+00	0.000000e+00	8.500000e-01	8.497593e-01
2.530727e-07	0.000000e+00	0.000000e+00	0.000000e+00	8.500000e-01	8.497531e-01
2.546603e-07	0.000000e+00	0.000000e+00	0.000000e+00	8.500000e-01	8.497543e-01
2.563023e-07	0.000000e+00	0.000000e+00	0.000000e+00	8.500000e-01	8.497457e-01
2.590885e-07	0.000000e+00	0.000000e+00	0.000000e+00	8.500000e-01	8.497466e-01
2.600000e-07	0.000000e+00	8.999725e-14	0.000000e+00	8.500000e-01	8.497534e-01
2.600500e-07	0.000000e+00	8.500000e-02	0.000000e+00	8.500000e-01	8.497807e-01
2.601500e-07	0.000000e+00	2.550000e-01	0.000000e+00	8.500000e-01	8.497990e-01
2.603500e-07	0.000000e+00	5.950000e-01	0.000000e+00	8.500000e-01	8.496542e-01
2.605000e-07	0.000000e+00	8.500000e-01	0.000000e+00	8.500000e-01	8.502108e-01
2.605400e-07	0.000000e+00	8.500000e-01	0.000000e+00	8.500000e-01	8.508412e-01
2.606200e-07	0.000000e+00	8.500000e-01	0.000000e+00	8.500000e-01	8.527907e-01
2.607800e-07	0.000000e+00	8.500000e-01	0.000000e+00	8.500000e-01	8.444854e-01
2.611000e-07	0.000000e+00	8.500000e-01	0.000000e+00	8.500000e-01	5.299009e-01
2.617400e-07	0.000000e+00	8.500000e-01	0.000000e+00	8.500000e-01	4.693638e-02
2.623919e-07	0.000000e+00	8.500000e-01	0.000000e+00	8.500000e-01	-1.044125e-02
2.636958e-07	0.000000e+00	8.500000e-01	0.000000e+00	8.500000e-01	3.688795e-03
2.650000e-07	0.000000e+00	8.500000e-01	0.000000e+00	8.500000e-01	7.571213e-04
2.650500e-07	8.500000e-02	8.500000e-01	8.500000e-02	8.500000e-01	-2.759026e-03
2.651500e-07	2.550000e-01	8.500000e-01	2.550000e-01	8.500000e-01	9.541113e-04
2.653500e-07	5.950000e-01	8.500000e-01	5.950000e-01	8.500000e-01	1.574887e-02
2.655000e-07	8.500000e-01	8.500000e-01	8.500000e-01	8.500000e-01	5.866870e-03
2.655400e-07	8.500000e-01	8.500000e-01	8.500000e-01	8.500000e-01	2.890831e-03
2.656200e-07	8.500000e-01	8.500000e-01	8.500000e-01	8.500000e-01	2.385849e-05
2.657800e-07	8.500000e-01	8.500000e-01	8.500000e-01	8.500000e-01	4.625685e-05
2.661000e-07	8.500000e-01	8.500000e-01	8.500000e-01	8.500000e-01	1.162813e-05
2.667400e-07	8.500000e-01	8.500000e-01	8.500000e-01	8.500000e-01	4.154384e-05
2.680200e-07	8.500000e-01	8.500000e-01	8.500000e-01	8.500000e-01	1.610291e-05
2.704728e-07	8.500000e-01	8.500000e-01	8.500000e-01	8.500000e-01	4.000016e-05
2.705000e-07	8.500000e-01	8.500000e-01	8.500000e-01	8.500000e-01	3.383293e-05
2.705500e-07	8.500000e-01	7.650000e-01	8.500000e-01	8.500000e-01	2.083746e-05
2.706500e-07	8.500000e-01	5.950000e-01	8.500000e-01	8.500000e-01	1.857927e-05
2.708500e-07	8.500000e-01	2.550000e-01	8.500000e-01	8.500000e-01	3.146086e-05
2.710000e-07	8.500000e-01	3.463896e-14	8.500000e-01	8.500000e-01	4.027509e-05
2.710400e-07	8.500000e-01	0.000000e+00	8.500000e-01	8.500000e-01	5.119203e-05
2.711200e-07	8.500000e-01	0.000000e+00	8.500000e-01	8.500000e-01	5.622751e-05
2.712800e-07	8.500000e-01	0.000000e+00	8.500000e-01	8.500000e-01	2.410304e-05
2.716000e-07	8.500000e-01	0.000000e+00	8.500000e-01	8.500000e-01	1.188447e-05
2.722400e-07	8.500000e-01	0.000000e+00	8.500000e-01	8.500000e-01	3.756798e-05
2.735200e-07	8.500000e-01	0.000000e+00	8.500000e-01	8.500000e-01	2.333292e-05
2.750863e-07	8.500000e-01	0.000000e+00	8.500000e-01	8.500000e-01	3.093890e-05
2.782188e-07	8.500000e-01	0.000000e+00	8.500000e-01	8.500000e-01	2.645124e-05
2.800000e-07	8.500000e-01	0.000000e+00	8.500000e-01	8.500000e-01	2.933707e-05
2.800500e-07	8.500000e-01	8.500000e-02	8.500000e-01	8.500000e-01	3.558747e-05
2.801500e-07	8.500000e-01	2.550000e-01	8.500000e-01	8.500000e-01	3.664995e-05
2.803500e-07	8.500000e-01	5.950000e-01	8.500000e-01	8.500000e-01	6.776629e-07
2.805000e-07	8.500000e-01	8.500000e-01	8.500000e-01	8.500000e-01	4.771898e-05
2.805400e-07	8.500000e-01	8.500000e-01	8.500000e-01	8.500000e-01	4.526974e-05
2.806200e-07	8.500000e-01	8.500000e-01	8.500000e-01	8.500000e-01	3.956952e-05
2.807800e-07	8.500000e-01	8.500000e-01	8.500000e-01	8.500000e-01	3.080530e-05
2.811000e-07	8.500000e-01	8.500000e-01	8.500000e-01	8.500000e-01	3.216572e-05
2.817400e-07	8.500000e-01	8.500000e-01	8.500000e-01	8.500000e-01	2.509223e-05
2.830200e-07	8.500000e-01	8.500000e-01	8.500000e-01	8.500000e-01	3.107673e-05
2.855000e-07	8.500000e-01	8.500000e-01	8.500000e-01	8.500000e-01	2.568206e-05
2.855500e-07	7.650000e-01	8.500000e-01	8.500000e-01	8.500000e-01	-1.589396e-06
2.856500e-07	5.950000e-01	8.500000e-01	8.500000e-01	8.500000e-01	5.129894e-07
2.858500e-07	2.550000e-01	8.500000e-01	8.500000e-01	8.500000e-01	-5.444760e-06
2.860000e-07	2.053913e-14	8.500000e-01	8.500000e-01	8.500000e-01	6.021080e-07
2.860400e-07	0.000000e+00	8.500000e-01	8.500000e-01	8.500000e-01	3.503581e-05
2.861200e-07	0.000000e+00	8.500000e-01	8.500000e-01	8.500000e-01	2.546839e-05
2.862800e-07	0.000000e+00	8.500000e-01	8.500000e-01	8.500000e-01	-3.262213e-05
2.866000e-07	0.000000e+00	8.500000e-01	8.500000e-01	8.500000e-01	2.636663e-05
2.872400e-07	0.000000e+00	8.500000e-01	8.500000e-01	8.500000e-01	-2.155728e-05
2.885200e-07	0.000000e+00	8.500000e-01	8.500000e-01	8.500000e-01	2.079760e-05
2.905000e-07	0.000000e+00	8.500000e-01	8.500000e-01	8.500000e-01	-1.888672e-05
2.905500e-07	0.000000e+00	7.650000e-01	8.500000e-01	8.500000e-01	-1.652318e-05
2.906500e-07	0.000000e+00	5.950000e-01	8.500000e-01	8.500000e-01	-6.965374e-06
2.908500e-07	0.000000e+00	2.550000e-01	8.500000e-01	8.500000e-01	2.649385e-06
2.910000e-07	0.000000e+00	3.463896e-14	8.500000e-01	8.500000e-01	1.336214e-05
2.910400e-07	0.000000e+00	0.000000e+00	8.500000e-01	8.500000e-01	2.500888e-05
2.911200e-07	0.000000e+00	0.000000e+00	8.500000e-01	8.500000e-01	2.993490e-05
2.912800e-07	0.000000e+00	0.000000e+00	8.500000e-01	8.500000e-01	-4.941706e-06
2.916000e-07	0.000000e+00	0.000000e+00	8.500000e-01	8.500000e-01	-1.569067e-05
2.922400e-07	0.000000e+00	0.000000e+00	8.500000e-01	8.500000e-01	9.375952e-06
2.935200e-07	0.000000e+00	0.000000e+00	8.500000e-01	8.500000e-01	-4.115695e-06
2.950863e-07	0.000000e+00	0.000000e+00	8.500000e-01	8.500000e-01	2.591575e-06
2.955000e-07	0.000000e+00	0.000000e+00	8.500000e-01	8.500000e-01	1.994299e-06
2.955500e-07	0.000000e+00	0.000000e+00	8.500000e-01	7.650000e-01	5.051548e-07
2.956500e-07	0.000000e+00	0.000000e+00	8.500000e-01	5.950000e-01	-1.714359e-07
2.958500e-07	0.000000e+00	0.000000e+00	8.500000e-01	2.550000e-01	7.601311e-07
2.960000e-07	0.000000e+00	0.000000e+00	8.500000e-01	3.741452e-14	-1.260270e-06
2.960400e-07	0.000000e+00	0.000000e+00	8.500000e-01	0.000000e+00	-5.514783e-06
2.961200e-07	0.000000e+00	0.000000e+00	8.500000e-01	0.000000e+00	-1.411517e-05
2.962800e-07	0.000000e+00	0.000000e+00	8.500000e-01	0.000000e+00	1.836950e-07
2.966000e-07	0.000000e+00	0.000000e+00	8.500000e-01	0.000000e+00	1.316340e-05
2.970050e-07	0.000000e+00	0.000000e+00	8.500000e-01	0.000000e+00	-1.026466e-05
2.977768e-07	0.000000e+00	0.000000e+00	8.500000e-01	0.000000e+00	9.766382e-06
2.988241e-07	0.000000e+00	0.000000e+00	8.500000e-01	0.000000e+00	-9.217825e-06
3.000000e-07	0.000000e+00	8.999725e-14	8.500000e-01	0.000000e+00	6.005326e-06
