time (time)	v(d) (voltage)	v(clk) (voltage)	v(s) (voltage)	v(r) (voltage)	v(q) (voltage)
0.000000e+00	0.000000e+00	0.000000e+00	0.000000e+00	0.000000e+00	4.376728e-01
1.000000e-12	0.000000e+00	1.700000e-03	0.000000e+00	0.000000e+00	4.376582e-01
2.000000e-12	0.000000e+00	3.400000e-03	0.000000e+00	0.000000e+00	4.376644e-01
4.000000e-12	0.000000e+00	6.800000e-03	0.000000e+00	0.000000e+00	4.376747e-01
8.000000e-12	0.000000e+00	1.360000e-02	0.000000e+00	0.000000e+00	4.376722e-01
1.600000e-11	0.000000e+00	2.720000e-02	0.000000e+00	0.000000e+00	4.376666e-01
3.200000e-11	0.000000e+00	5.440000e-02	0.000000e+00	0.000000e+00	4.377289e-01
6.400000e-11	0.000000e+00	1.088000e-01	0.000000e+00	0.000000e+00	4.395216e-01
1.280000e-10	0.000000e+00	2.176000e-01	0.000000e+00	0.000000e+00	4.563779e-01
2.560000e-10	0.000000e+00	4.352000e-01	0.000000e+00	0.000000e+00	5.474401e-01
4.482073e-10	0.000000e+00	7.619524e-01	0.000000e+00	0.000000e+00	5.182864e-01
5.000000e-10	0.000000e+00	8.500000e-01	0.000000e+00	0.000000e+00	4.262218e-01
5.179340e-10	0.000000e+00	8.500000e-01	0.000000e+00	0.000000e+00	3.771263e-01
5.538021e-10	0.000000e+00	8.500000e-01	0.000000e+00	0.000000e+00	2.740350e-01
6.255382e-10	0.000000e+00	8.500000e-01	0.000000e+00	0.000000e+00	1.547221e-01
7.108589e-10	0.000000e+00	8.500000e-01	0.000000e+00	0.000000e+00	9.352400e-02
8.594295e-10	0.000000e+00	8.500000e-01	0.000000e+00	0.000000e+00	3.094107e-02
1.011912e-09	0.000000e+00	8.500000e-01	0.000000e+00	0.000000e+00	5.832985e-03
1.290503e-09	0.000000e+00	8.500000e-01	0.000000e+00	0.000000e+00	-7.736560e-04
1.577546e-09	0.000000e+00	8.500000e-01	0.000000e+00	0.000000e+00	1.638120e-04
2.151633e-09	0.000000e+00	8.500000e-01	0.000000e+00	0.000000e+00	-8.900182e-05
3.299806e-09	0.000000e+00	8.500000e-01	0.000000e+00	0.000000e+00	7.741053e-05
5.596152e-09	0.000000e+00	8.500000e-01	0.000000e+00	0.000000e+00	-6.370427e-05
1.018884e-08	0.000000e+00	8.500000e-01	0.000000e+00	0.000000e+00	6.743588e-05
1.050000e-08	0.000000e+00	8.500000e-01	0.000000e+00	0.000000e+00	-3.366100e-05
1.055000e-08	0.000000e+00	7.650000e-01	0.000000e+00	0.000000e+00	-1.004074e-04
1.065000e-08	0.000000e+00	5.950000e-01	0.000000e+00	0.000000e+00	-1.425031e-05
1.085000e-08	0.000000e+00	2.550000e-01	0.000000e+00	0.000000e+00	1.215962e-04
1.100000e-08	0.000000e+00	0.000000e+00	0.000000e+00	0.000000e+00	2.463521e-04
1.102139e-08	0.000000e+00	0.000000e+00	0.000000e+00	0.000000e+00	4.570711e-05
1.106416e-08	0.000000e+00	0.000000e+00	0.000000e+00	0.000000e+00	-2.447019e-04
1.114971e-08	0.000000e+00	0.000000e+00	0.000000e+00	0.000000e+00	-2.210210e-04
1.132080e-08	0.000000e+00	0.000000e+00	0.000000e+00	0.000000e+00	5.714716e-05
1.148490e-08	0.000000e+00	0.000000e+00	0.000000e+00	0.000000e+00	4.677262e-05
1.180152e-08	0.000000e+00	0.000000e+00	0.000000e+00	0.000000e+00	-9.674293e-06
1.243477e-08	0.000000e+00	0.000000e+00	0.000000e+00	0.000000e+00	1.299532e-05
1.370126e-08	0.000000e+00	0.000000e+00	0.000000e+00	0.000000e+00	-5.019573e-06
1.623425e-08	0.000000e+00	0.000000e+00	0.000000e+00	0.000000e+00	1.146369e-05
2.000000e-08	0.000000e+00	0.000000e+00	0.000000e+00	0.000000e+00	-4.317908e-06
2.005000e-08	0.000000e+00	8.500000e-02	8.500000e-02	0.000000e+00	3.734984e-03
2.015000e-08	0.000000e+00	2.550000e-01	2.550000e-01	0.000000e+00	7.962480e-03
2.035000e-08	0.000000e+00	5.950000e-01	5.950000e-01	0.000000e+00	-1.157309e-02
2.050000e-08	0.000000e+00	8.500000e-01	8.500000e-01	0.000000e+00	-1.278914e-02
2.051962e-08	0.000000e+00	8.500000e-01	8.500000e-01	0.000000e+00	-7.857137e-03
2.055887e-08	0.000000e+00	8.500000e-01	8.500000e-01	0.000000e+00	-1.376545e-03
2.063735e-08	0.000000e+00	8.500000e-01	8.500000e-01	0.000000e+00	1.263982e-04
2.079433e-08	0.000000e+00	8.500000e-01	8.500000e-01	0.000000e+00	-1.346208e-04
2.095448e-08	0.000000e+00	8.500000e-01	8.500000e-01	0.000000e+00	4.280840e-05
2.125295e-08	0.000000e+00	8.500000e-01	8.500000e-01	0.000000e+00	-2.297535e-05
2.184989e-08	0.000000e+00	8.500000e-01	8.500000e-01	0.000000e+00	2.581648e-05
2.304378e-08	0.000000e+00	8.500000e-01	8.500000e-01	0.000000e+00	-1.735192e-05
2.500000e-08	0.000000e+00	8.500000e-01	8.500000e-01	0.000000e+00	2.313884e-05
2.505000e-08	8.500000e-02	8.500000e-01	8.500000e-01	0.000000e+00	1.086124e-04
2.515000e-08	2.550000e-01	8.500000e-01	8.500000e-01	0.000000e+00	1.386633e-04
2.535000e-08	5.950000e-01	8.500000e-01	8.500000e-01	0.000000e+00	1.660240e-04
2.550000e-08	8.500000e-01	8.500000e-01	8.500000e-01	0.000000e+00	-3.552077e-05
2.554000e-08	8.500000e-01	8.500000e-01	8.500000e-01	0.000000e+00	-2.705541e-04
2.562000e-08	8.500000e-01	8.500000e-01	8.500000e-01	0.000000e+00	-2.844698e-04
2.575601e-08	8.500000e-01	8.500000e-01	8.500000e-01	0.000000e+00	6.026305e-05
2.587229e-08	8.500000e-01	8.500000e-01	8.500000e-01	0.000000e+00	1.922422e-05
2.599613e-08	8.500000e-01	8.500000e-01	8.500000e-01	0.000000e+00	-2.101814e-05
2.612873e-08	8.500000e-01	8.500000e-01	8.500000e-01	0.000000e+00	2.798297e-05
2.628859e-08	8.500000e-01	8.500000e-01	8.500000e-01	0.000000e+00	-2.278962e-06
2.660830e-08	8.500000e-01	8.500000e-01	8.500000e-01	0.000000e+00	1.809147e-05
2.724772e-08	8.500000e-01	8.500000e-01	8.500000e-01	0.000000e+00	1.476759e-06
2.852655e-08	8.500000e-01	8.500000e-01	8.500000e-01	0.000000e+00	1.656599e-05
3.050000e-08	8.500000e-01	8.500000e-01	8.500000e-01	0.000000e+00	2.269494e-06
3.055000e-08	8.500000e-01	7.650000e-01	8.500000e-01	0.000000e+00	-1.266384e-04
3.065000e-08	8.500000e-01	5.950000e-01	8.500000e-01	0.000000e+00	8.611998e-06
3.085000e-08	8.500000e-01	2.550000e-01	8.500000e-01	0.000000e+00	1.421727e-04
3.100000e-08	8.500000e-01	0.000000e+00	8.500000e-01	0.000000e+00	3.264620e-04
3.102089e-08	8.500000e-01	0.000000e+00	8.500000e-01	0.000000e+00	5.098146e-05
3.106267e-08	8.500000e-01	0.000000e+00	8.500000e-01	0.000000e+00	-3.725998e-04
3.114623e-08	8.500000e-01	0.000000e+00	8.500000e-01	0.000000e+00	-2.876045e-04
3.129469e-08	8.500000e-01	0.000000e+00	8.500000e-01	0.000000e+00	1.057892e-04
3.143657e-08	8.500000e-01	0.000000e+00	8.500000e-01	0.000000e+00	8.876801e-05
3.157792e-08	8.500000e-01	0.000000e+00	8.500000e-01	0.000000e+00	-2.850540e-05
3.173370e-08	8.500000e-01	0.000000e+00	8.500000e-01	0.000000e+00	3.981144e-05
3.190529e-08	8.500000e-01	0.000000e+00	8.500000e-01	0.000000e+00	-5.176096e-06
3.224846e-08	8.500000e-01	0.000000e+00	8.500000e-01	0.000000e+00	2.009045e-05
3.279071e-08	8.500000e-01	0.000000e+00	8.500000e-01	0.000000e+00	8.293751e-07
3.387521e-08	8.500000e-01	0.000000e+00	8.500000e-01	0.000000e+00	1.662962e-05
3.604420e-08	8.500000e-01	0.000000e+00	8.500000e-01	0.000000e+00	2.413686e-06
4.000000e-08	8.500000e-01	0.000000e+00	8.500000e-01	0.000000e+00	1.584939e-05
4.005000e-08	8.500000e-01	8.500000e-02	8.500000e-01	0.000000e+00	9.238196e-05
4.015000e-08	8.500000e-01	2.550000e-01	8.500000e-01	0.000000e+00	7.269593e-05
4.035000e-08	8.500000e-01	5.950000e-01	8.500000e-01	0.000000e+00	1.587254e-04
4.050000e-08	8.500000e-01	8.500000e-01	8.500000e-01	0.000000e+00	1.911420e-04
4.052471e-08	8.500000e-01	8.500000e-01	8.500000e-01	0.000000e+00	-4.910900e-04
4.057414e-08	8.500000e-01	8.500000e-01	8.500000e-01	0.000000e+00	-3.105030e-03
4.067299e-08	8.500000e-01	8.500000e-01	8.500000e-01	0.000000e+00	-2.069143e-02
4.082292e-08	8.500000e-01	8.500000e-01	8.500000e-01	0.000000e+00	3.319753e-01
4.100000e-08	8.500000e-01	8.500000e-01	8.500000e-01	0.000000e+00	8.249010e-01
4.116295e-08	8.500000e-01	8.500000e-01	8.500000e-01	0.000000e+00	8.571725e-01
4.134805e-08	8.500000e-01	8.500000e-01	8.500000e-01	0.000000e+00	8.459706e-01
4.162828e-08	8.500000e-01	8.500000e-01	8.500000e-01	0.000000e+00	8.527524e-01
4.199912e-08	8.500000e-01	8.500000e-01	8.500000e-01	0.000000e+00	8.478796e-01
4.274081e-08	8.500000e-01	8.500000e-01	8.500000e-01	0.000000e+00	8.518496e-01
4.422418e-08	8.500000e-01	8.500000e-01	8.500000e-01	0.000000e+00	8.482619e-01
4.550000e-08	8.500000e-01	8.500000e-01	8.500000e-01	0.000000e+00	8.516041e-01
4.555000e-08	7.650000e-01	8.500000e-01	8.500000e-01	0.000000e+00	8.501504e-01
4.565000e-08	5.950000e-01	8.500000e-01	8.500000e-01	0.000000e+00	8.497008e-01
4.585000e-08	2.550000e-01	8.500000e-01	8.500000e-01	0.000000e+00	8.501777e-01
4.600000e-08	3.663736e-15	8.500000e-01	8.500000e-01	0.000000e+00	8.499301e-01
4.603219e-08	0.000000e+00	8.500000e-01	8.500000e-01	0.000000e+00	8.501153e-01
4.609657e-08	0.000000e+00	8.500000e-01	8.500000e-01	0.000000e+00	8.501687e-01
4.617662e-08	0.000000e+00	8.500000e-01	8.500000e-01	0.000000e+00	8.499787e-01
4.627057e-08	0.000000e+00	8.500000e-01	8.500000e-01	0.000000e+00	8.499711e-01
4.637057e-08	0.000000e+00	8.500000e-01	8.500000e-01	0.000000e+00	8.500153e-01
4.647368e-08	0.000000e+00	8.500000e-01	8.500000e-01	0.000000e+00	8.499891e-01
4.660144e-08	0.000000e+00	8.500000e-01	8.500000e-01	0.000000e+00	8.499900e-01
4.685697e-08	0.000000e+00	8.500000e-01	8.500000e-01	0.000000e+00	8.499929e-01
4.736801e-08	0.000000e+00	8.500000e-01	8.500000e-01	0.000000e+00	8.499909e-01
4.839010e-08	0.000000e+00	8.500000e-01	8.500000e-01	0.000000e+00	8.499926e-01
5.043428e-08	0.000000e+00	8.500000e-01	8.500000e-01	0.000000e+00	8.499910e-01
5.050000e-08	0.000000e+00	8.500000e-01	8.500000e-01	0.000000e+00	8.499923e-01
5.052657e-08	0.000000e+00	8.048253e-01	8.500000e-01	0.000000e+00	8.498961e-01
5.057972e-08	0.000000e+00	7.144760e-01	8.500000e-01	0.000000e+00	8.498943e-01
5.068601e-08	0.000000e+00	5.337773e-01	8.500000e-01	0.000000e+00	8.500339e-01
5.086188e-08	0.000000e+00	2.348035e-01	8.500000e-01	0.000000e+00	8.502221e-01
5.100000e-08	0.000000e+00	1.221245e-14	8.500000e-01	0.000000e+00	8.497491e-01
5.101978e-08	0.000000e+00	0.000000e+00	8.500000e-01	0.000000e+00	8.498714e-01
5.105934e-08	0.000000e+00	0.000000e+00	8.500000e-01	0.000000e+00	8.498913e-01
5.113845e-08	0.000000e+00	0.000000e+00	8.500000e-01	0.000000e+00	8.498673e-01
5.123194e-08	0.000000e+00	0.000000e+00	8.500000e-01	0.000000e+00	8.500493e-01
5.134521e-08	0.000000e+00	0.000000e+00	8.500000e-01	0.000000e+00	8.499963e-01
5.149737e-08	0.000000e+00	0.000000e+00	8.500000e-01	0.000000e+00	8.500141e-01
5.164544e-08	0.000000e+00	0.000000e+00	8.500000e-01	0.000000e+00	8.499804e-01
5.180685e-08	0.000000e+00	0.000000e+00	8.500000e-01	0.000000e+00	8.499962e-01
5.212968e-08	0.000000e+00	0.000000e+00	8.500000e-01	0.000000e+00	8.499894e-01
5.266010e-08	0.000000e+00	0.000000e+00	8.500000e-01	0.000000e+00	8.499932e-01
5.372092e-08	0.000000e+00	0.000000e+00	8.500000e-01	0.000000e+00	8.499907e-01
5.584258e-08	0.000000e+00	0.000000e+00	8.500000e-01	0.000000e+00	8.499927e-01
6.000000e-08	0.000000e+00	0.000000e+00	8.500000e-01	0.000000e+00	8.499910e-01
6.005000e-08	0.000000e+00	8.500000e-02	8.500000e-01	0.000000e+00	8.502122e-01
6.015000e-08	0.000000e+00	2.550000e-01	8.500000e-01	0.000000e+00	8.499560e-01
6.035000e-08	0.000000e+00	5.950000e-01	8.500000e-01	0.000000e+00	8.491047e-01
6.050000e-08	0.000000e+00	8.500000e-01	8.500000e-01	0.000000e+00	8.562992e-01
6.052393e-08	0.000000e+00	8.500000e-01	8.500000e-01	0.000000e+00	8.624687e-01
6.057179e-08	0.000000e+00	8.500000e-01	8.500000e-01	0.000000e+00	8.740652e-01
6.066751e-08	0.000000e+00	8.500000e-01	8.500000e-01	0.000000e+00	8.274980e-01
6.081118e-08	0.000000e+00	8.500000e-01	8.500000e-01	0.000000e+00	1.291020e-01
6.096422e-08	0.000000e+00	8.500000e-01	8.500000e-01	0.000000e+00	-3.134150e-02
6.116962e-08	0.000000e+00	8.500000e-01	8.500000e-01	0.000000e+00	2.104159e-02
6.140775e-08	0.000000e+00	8.500000e-01	8.500000e-01	0.000000e+00	-1.445362e-02
6.162599e-08	0.000000e+00	8.500000e-01	8.500000e-01	0.000000e+00	9.885182e-03
6.206246e-08	0.000000e+00	8.500000e-01	8.500000e-01	0.000000e+00	-8.096466e-03
6.259494e-08	0.000000e+00	8.500000e-01	8.500000e-01	0.000000e+00	6.946292e-03
6.350275e-08	0.000000e+00	8.500000e-01	8.500000e-01	0.000000e+00	-6.306714e-03
6.500000e-08	0.000000e+00	8.500000e-01	8.500000e-01	0.000000e+00	5.985108e-03
6.505000e-08	8.500000e-02	8.500000e-01	8.500000e-01	0.000000e+00	1.975876e-03
6.515000e-08	2.550000e-01	8.500000e-01	8.500000e-01	0.000000e+00	-5.829386e-04
6.535000e-08	5.950000e-01	8.500000e-01	8.500000e-01	0.000000e+00	6.396769e-04
6.550000e-08	8.500000e-01	8.500000e-01	8.500000e-01	0.000000e+00	-2.984519e-04
6.554000e-08	8.500000e-01	8.500000e-01	8.500000e-01	0.000000e+00	-3.551762e-04
6.562000e-08	8.500000e-01	8.500000e-01	8.500000e-01	0.000000e+00	-2.538875e-04
6.575601e-08	8.500000e-01	8.500000e-01	8.500000e-01	0.000000e+00	4.388358e-05
6.587229e-08	8.500000e-01	8.500000e-01	8.500000e-01	0.000000e+00	2.644913e-05
6.599613e-08	8.500000e-01	8.500000e-01	8.500000e-01	0.000000e+00	-2.456611e-05
6.612874e-08	8.500000e-01	8.500000e-01	8.500000e-01	0.000000e+00	2.989023e-05
6.628859e-08	8.500000e-01	8.500000e-01	8.500000e-01	0.000000e+00	-3.369067e-06
6.660830e-08	8.500000e-01	8.500000e-01	8.500000e-01	0.000000e+00	1.893731e-05
6.724771e-08	8.500000e-01	8.500000e-01	8.500000e-01	0.000000e+00	7.439116e-07
6.852654e-08	8.500000e-01	8.500000e-01	8.500000e-01	0.000000e+00	1.724875e-05
7.050000e-08	8.500000e-01	8.500000e-01	8.500000e-01	0.000000e+00	1.617396e-06
7.055000e-08	8.500000e-01	7.650000e-01	8.500000e-01	0.000000e+00	-1.268534e-04
7.065000e-08	8.500000e-01	5.950000e-01	8.500000e-01	0.000000e+00	8.703162e-06
7.085000e-08	8.500000e-01	2.550000e-01	8.500000e-01	0.000000e+00	1.421163e-04
7.100000e-08	8.500000e-01	1.221245e-14	8.500000e-01	0.000000e+00	3.264926e-04
7.102089e-08	8.500000e-01	0.000000e+00	8.500000e-01	0.000000e+00	5.099446e-05
7.106267e-08	8.500000e-01	0.000000e+00	8.500000e-01	0.000000e+00	-3.726031e-04
7.114623e-08	8.500000e-01	0.000000e+00	8.500000e-01	0.000000e+00	-2.876022e-04
7.129469e-08	8.500000e-01	0.000000e+00	8.500000e-01	0.000000e+00	1.057900e-04
7.143657e-08	8.500000e-01	0.000000e+00	8.500000e-01	0.000000e+00	8.876752e-05
7.157792e-08	8.500000e-01	0.000000e+00	8.500000e-01	0.000000e+00	-2.850524e-05
7.173370e-08	8.500000e-01	0.000000e+00	8.500000e-01	0.000000e+00	3.981137e-05
7.190529e-08	8.500000e-01	0.000000e+00	8.500000e-01	0.000000e+00	-5.175967e-06
7.224846e-08	8.500000e-01	0.000000e+00	8.500000e-01	0.000000e+00	2.009137e-05
7.279071e-08	8.500000e-01	0.000000e+00	8.500000e-01	0.000000e+00	8.281392e-07
7.387521e-08	8.500000e-01	0.000000e+00	8.500000e-01	0.000000e+00	1.663094e-05
7.604420e-08	8.500000e-01	0.000000e+00	8.500000e-01	0.000000e+00	2.412329e-06
8.000000e-08	8.500000e-01	0.000000e+00	8.500000e-01	0.000000e+00	1.585077e-05
8.005000e-08	8.500000e-01	8.500000e-02	8.500000e-01	0.000000e+00	9.238203e-05
8.015000e-08	8.500000e-01	2.550000e-01	8.500000e-01	0.000000e+00	7.269557e-05
8.035000e-08	8.500000e-01	5.950000e-01	8.500000e-01	0.000000e+00	1.587257e-04
8.050000e-08	8.500000e-01	8.500000e-01	8.500000e-01	0.000000e+00	1.911418e-04
8.052471e-08	8.500000e-01	8.500000e-01	8.079892e-01	0.000000e+00	-1.902356e-03
8.057414e-08	8.500000e-01	8.500000e-01	7.239676e-01	0.000000e+00	-5.584121e-03
8.067299e-08	8.500000e-01	8.500000e-01	5.559244e-01	0.000000e+00	-1.580829e-02
8.082294e-08	8.500000e-01	8.500000e-01	3.009937e-01	0.000000e+00	6.275002e-01
8.096525e-08	8.500000e-01	8.500000e-01	5.908058e-02	0.000000e+00	8.312513e-01
8.100000e-08	8.500000e-01	8.500000e-01	0.000000e+00	0.000000e+00	8.275643e-01
8.101490e-08	8.500000e-01	8.500000e-01	0.000000e+00	0.000000e+00	8.313341e-01
8.104471e-08	8.500000e-01	8.500000e-01	0.000000e+00	0.000000e+00	8.370948e-01
8.110431e-08	8.500000e-01	8.500000e-01	0.000000e+00	0.000000e+00	8.429915e-01
8.122353e-08	8.500000e-01	8.500000e-01	0.000000e+00	0.000000e+00	8.477878e-01
8.137831e-08	8.500000e-01	8.500000e-01	0.000000e+00	0.000000e+00	8.495569e-01
8.168788e-08	8.500000e-01	8.500000e-01	0.000000e+00	0.000000e+00	8.500483e-01
8.230701e-08	8.500000e-01	8.500000e-01	0.000000e+00	0.000000e+00	8.499744e-01
8.354528e-08	8.500000e-01	8.500000e-01	0.000000e+00	0.000000e+00	8.500132e-01
8.550000e-08	8.500000e-01	8.500000e-01	0.000000e+00	0.000000e+00	8.499852e-01
8.555000e-08	7.650000e-01	8.500000e-01	0.000000e+00	0.000000e+00	8.498975e-01
8.565000e-08	5.950000e-01	8.500000e-01	0.000000e+00	0.000000e+00	8.499126e-01
8.585000e-08	2.550000e-01	8.500000e-01	0.000000e+00	0.000000e+00	8.499926e-01
8.600000e-08	2.053913e-14	8.500000e-01	0.000000e+00	0.000000e+00	8.499747e-01
8.604000e-08	0.000000e+00	8.500000e-01	0.000000e+00	0.000000e+00	8.500277e-01
8.612000e-08	0.000000e+00	8.500000e-01	0.000000e+00	0.000000e+00	8.500492e-01
8.628000e-08	0.000000e+00	8.500000e-01	0.000000e+00	0.000000e+00	8.499905e-01
8.660000e-08	0.000000e+00	8.500000e-01	0.000000e+00	0.000000e+00	8.499952e-01
8.724000e-08	0.000000e+00	8.500000e-01	0.000000e+00	0.000000e+00	8.499896e-01
8.852000e-08	0.000000e+00	8.500000e-01	0.000000e+00	0.000000e+00	8.499939e-01
9.050000e-08	0.000000e+00	8.500000e-01	0.000000e+00	0.000000e+00	8.499898e-01
9.055000e-08	0.000000e+00	7.650000e-01	0.000000e+00	0.000000e+00	8.499304e-01
9.065000e-08	0.000000e+00	5.950000e-01	0.000000e+00	0.000000e+00	8.499366e-01
9.085000e-08	0.000000e+00	2.550000e-01	0.000000e+00	0.000000e+00	8.501504e-01
9.100000e-08	0.000000e+00	1.221245e-14	0.000000e+00	0.000000e+00	8.499756e-01
9.102141e-08	0.000000e+00	0.000000e+00	0.000000e+00	0.000000e+00	8.499887e-01
9.106423e-08	0.000000e+00	0.000000e+00	0.000000e+00	0.000000e+00	8.499009e-01
9.114987e-08	0.000000e+00	0.000000e+00	0.000000e+00	0.000000e+00	8.498577e-01
9.132115e-08	0.000000e+00	0.000000e+00	0.000000e+00	0.000000e+00	8.500431e-01
9.148595e-08	0.000000e+00	0.000000e+00	0.000000e+00	0.000000e+00	8.499941e-01
9.180377e-08	0.000000e+00	0.000000e+00	0.000000e+00	0.000000e+00	8.499883e-01
9.243941e-08	0.000000e+00	0.000000e+00	0.000000e+00	0.000000e+00	8.499920e-01
9.371069e-08	0.000000e+00	0.000000e+00	0.000000e+00	0.000000e+00	8.499905e-01
9.625324e-08	0.000000e+00	0.000000e+00	0.000000e+00	0.000000e+00	8.499920e-01
1.000000e-07	0.000000e+00	0.000000e+00	0.000000e+00	0.000000e+00	8.499909e-01
1.000500e-07	0.000000e+00	8.500000e-02	0.000000e+00	0.000000e+00	8.501525e-01
1.001500e-07	0.000000e+00	2.550000e-01	0.000000e+00	0.000000e+00	8.500086e-01
1.003500e-07	0.000000e+00	5.950000e-01	0.000000e+00	0.000000e+00	8.497916e-01
1.005000e-07	0.000000e+00	8.500000e-01	0.000000e+00	0.000000e+00	8.497870e-01
1.005244e-07	0.000000e+00	8.500000e-01	0.000000e+00	0.000000e+00	8.499420e-01
1.005731e-07	0.000000e+00	8.500000e-01	0.000000e+00	0.000000e+00	8.502327e-01
1.006706e-07	0.000000e+00	8.500000e-01	0.000000e+00	0.000000e+00	8.501685e-01
1.008433e-07	0.000000e+00	8.500000e-01	0.000000e+00	0.000000e+00	8.499067e-01
1.010134e-07	0.000000e+00	8.500000e-01	0.000000e+00	0.000000e+00	8.499758e-01
1.013535e-07	0.000000e+00	8.500000e-01	0.000000e+00	0.000000e+00	8.499828e-01
1.020338e-07	0.000000e+00	8.500000e-01	0.000000e+00	0.000000e+00	8.499943e-01
1.033944e-07	0.000000e+00	8.500000e-01	0.000000e+00	0.000000e+00	8.499851e-01
1.050000e-07	0.000000e+00	8.500000e-01	0.000000e+00	0.000000e+00	8.499958e-01
1.050500e-07	8.500000e-02	8.500000e-01	0.000000e+00	0.000000e+00	8.500393e-01
1.051500e-07	2.550000e-01	8.500000e-01	0.000000e+00	0.000000e+00	8.500456e-01
1.053500e-07	5.950000e-01	8.500000e-01	0.000000e+00	0.000000e+00	8.499973e-01
1.055000e-07	8.500000e-01	8.500000e-01	0.000000e+00	0.000000e+00	8.500654e-01
1.055400e-07	8.500000e-01	8.500000e-01	0.000000e+00	0.000000e+00	8.499951e-01
1.056200e-07	8.500000e-01	8.500000e-01	0.000000e+00	0.000000e+00	8.499665e-01
1.057800e-07	8.500000e-01	8.500000e-01	0.000000e+00	0.000000e+00	8.499993e-01
1.061000e-07	8.500000e-01	8.500000e-01	0.000000e+00	0.000000e+00	8.499951e-01
1.067400e-07	8.500000e-01	8.500000e-01	0.000000e+00	0.000000e+00	8.499997e-01
1.080200e-07	8.500000e-01	8.500000e-01	0.000000e+00	0.000000e+00	8.499954e-01
1.105000e-07	8.500000e-01	8.500000e-01	0.000000e+00	0.000000e+00	8.499995e-01
1.105500e-07	8.500000e-01	7.650000e-01	0.000000e+00	0.000000e+00	8.499392e-01
1.106500e-07	8.500000e-01	5.950000e-01	0.000000e+00	0.000000e+00	8.499424e-01
1.108500e-07	8.500000e-01	2.550000e-01	0.000000e+00	0.000000e+00	8.501567e-01
1.110000e-07	8.500000e-01	1.221245e-14	0.000000e+00	0.000000e+00	8.499859e-01
1.110214e-07	8.500000e-01	0.000000e+00	0.000000e+00	0.000000e+00	8.500011e-01
1.110642e-07	8.500000e-01	0.000000e+00	0.000000e+00	0.000000e+00	8.499155e-01
1.111497e-07	8.500000e-01	0.000000e+00	0.000000e+00	0.000000e+00	8.498673e-01
1.113208e-07	8.500000e-01	0.000000e+00	0.000000e+00	0.000000e+00	8.500460e-01
1.114856e-07	8.500000e-01	0.000000e+00	0.000000e+00	0.000000e+00	8.500022e-01
1.118031e-07	8.500000e-01	0.000000e+00	0.000000e+00	0.000000e+00	8.499959e-01
1.124380e-07	8.500000e-01	0.000000e+00	0.000000e+00	0.000000e+00	8.499981e-01
1.137078e-07	8.500000e-01	0.000000e+00	0.000000e+00	0.000000e+00	8.499973e-01
1.162475e-07	8.500000e-01	0.000000e+00	0.000000e+00	0.000000e+00	8.499976e-01
1.200000e-07	8.500000e-01	0.000000e+00	0.000000e+00	0.000000e+00	8.499975e-01
1.200500e-07	8.500000e-01	8.500000e-02	0.000000e+00	0.000000e+00	8.501619e-01
1.201500e-07	8.500000e-01	2.550000e-01	0.000000e+00	0.000000e+00	8.500270e-01
1.203500e-07	8.500000e-01	5.950000e-01	0.000000e+00	0.000000e+00	8.498076e-01
1.205000e-07	8.500000e-01	8.500000e-01	0.000000e+00	0.000000e+00	8.497959e-01
1.205244e-07	8.500000e-01	8.500000e-01	0.000000e+00	0.000000e+00	8.499496e-01
1.205731e-07	8.500000e-01	8.500000e-01	0.000000e+00	0.000000e+00	8.502433e-01
1.206706e-07	8.500000e-01	8.500000e-01	0.000000e+00	0.000000e+00	8.501889e-01
1.208433e-07	8.500000e-01	8.500000e-01	0.000000e+00	0.000000e+00	8.499278e-01
1.210134e-07	8.500000e-01	8.500000e-01	0.000000e+00	0.000000e+00	8.499883e-01
1.213535e-07	8.500000e-01	8.500000e-01	0.000000e+00	0.000000e+00	8.499924e-01
1.220338e-07	8.500000e-01	8.500000e-01	0.000000e+00	0.000000e+00	8.500027e-01
1.233944e-07	8.500000e-01	8.500000e-01	0.000000e+00	0.000000e+00	8.499923e-01
1.255000e-07	8.500000e-01	8.500000e-01	0.000000e+00	0.000000e+00	8.500026e-01
1.255500e-07	7.650000e-01	8.500000e-01	0.000000e+00	0.000000e+00	8.499073e-01
1.256500e-07	5.950000e-01	8.500000e-01	0.000000e+00	0.000000e+00	8.499133e-01
1.258500e-07	2.550000e-01	8.500000e-01	0.000000e+00	0.000000e+00	8.499932e-01
1.260000e-07	0.000000e+00	8.500000e-01	0.000000e+00	0.000000e+00	8.499755e-01
1.260400e-07	0.000000e+00	8.500000e-01	0.000000e+00	0.000000e+00	8.500270e-01
1.261200e-07	0.000000e+00	8.500000e-01	0.000000e+00	0.000000e+00	8.500456e-01
1.262800e-07	0.000000e+00	8.500000e-01	0.000000e+00	0.000000e+00	8.499917e-01
1.266000e-07	0.000000e+00	8.500000e-01	0.000000e+00	0.000000e+00	8.499986e-01
1.272400e-07	0.000000e+00	8.500000e-01	0.000000e+00	0.000000e+00	8.499873e-01
1.285200e-07	0.000000e+00	8.500000e-01	0.000000e+00	0.000000e+00	8.499960e-01
1.305000e-07	0.000000e+00	8.500000e-01	0.000000e+00	0.000000e+00	8.499876e-01
1.305500e-07	0.000000e+00	7.650000e-01	0.000000e+00	0.000000e+00	8.499303e-01
1.306500e-07	0.000000e+00	5.950000e-01	0.000000e+00	0.000000e+00	8.499376e-01
1.308500e-07	0.000000e+00	2.550000e-01	0.000000e+00	0.000000e+00	8.501504e-01
1.310000e-07	0.000000e+00	0.000000e+00	0.000000e+00	0.000000e+00	8.499751e-01
1.310214e-07	0.000000e+00	0.000000e+00	0.000000e+00	0.000000e+00	8.499899e-01
1.310642e-07	0.000000e+00	0.000000e+00	0.000000e+00	0.000000e+00	8.499039e-01
1.311497e-07	0.000000e+00	0.000000e+00	0.000000e+00	0.000000e+00	8.498572e-01
1.313208e-07	0.000000e+00	0.000000e+00	0.000000e+00	0.000000e+00	8.500389e-01
1.314856e-07	0.000000e+00	0.000000e+00	0.000000e+00	0.000000e+00	8.499929e-01
1.318030e-07	0.000000e+00	0.000000e+00	0.000000e+00	0.000000e+00	8.499874e-01
1.324379e-07	0.000000e+00	0.000000e+00	0.000000e+00	0.000000e+00	8.499914e-01
1.337076e-07	0.000000e+00	0.000000e+00	0.000000e+00	0.000000e+00	8.499905e-01
1.362470e-07	0.000000e+00	0.000000e+00	0.000000e+00	0.000000e+00	8.499915e-01
1.400000e-07	0.000000e+00	0.000000e+00	0.000000e+00	0.000000e+00	8.499913e-01
1.400500e-07	0.000000e+00	8.500000e-02	8.500000e-02	0.000000e+00	8.611660e-01
1.401500e-07	0.000000e+00	2.550000e-01	2.550000e-01	0.000000e+00	8.715015e-01
1.403500e-07	0.000000e+00	5.950000e-01	5.950000e-01	0.000000e+00	8.515055e-01
1.405000e-07	0.000000e+00	8.500000e-01	8.500000e-01	0.000000e+00	8.534997e-01
1.405205e-07	0.000000e+00	8.500000e-01	8.500000e-01	0.000000e+00	8.518238e-01
1.405615e-07	0.000000e+00	8.500000e-01	8.500000e-01	0.000000e+00	8.504144e-01
1.406434e-07	0.000000e+00	8.500000e-01	8.500000e-01	0.000000e+00	8.504139e-01
1.407247e-07	0.000000e+00	8.500000e-01	8.500000e-01	0.000000e+00	8.499772e-01
1.408113e-07	0.000000e+00	8.500000e-01	8.500000e-01	0.000000e+00	8.499124e-01
1.409039e-07	0.000000e+00	8.500000e-01	8.500000e-01	0.000000e+00	8.499747e-01
1.410001e-07	0.000000e+00	8.500000e-01	8.500000e-01	0.000000e+00	8.499824e-01
1.411243e-07	0.000000e+00	8.500000e-01	8.500000e-01	0.000000e+00	8.499831e-01
1.413727e-07	0.000000e+00	8.500000e-01	8.500000e-01	0.000000e+00	8.499934e-01
1.418695e-07	0.000000e+00	8.500000e-01	8.500000e-01	0.000000e+00	8.499906e-01
1.428631e-07	0.000000e+00	8.500000e-01	8.500000e-01	0.000000e+00	8.499928e-01
1.448503e-07	0.000000e+00	8.500000e-01	8.500000e-01	0.000000e+00	8.499908e-01
1.450000e-07	0.000000e+00	8.500000e-01	8.500000e-01	0.000000e+00	8.499920e-01
1.450415e-07	7.055943e-02	8.500000e-01	8.500000e-01	7.055943e-02	8.500555e-01
1.451245e-07	2.116783e-01	8.500000e-01	8.500000e-01	2.116783e-01	8.500996e-01
1.452905e-07	4.939160e-01	8.500000e-01	8.500000e-01	4.939160e-01	8.501397e-01
1.455000e-07	8.500000e-01	8.500000e-01	8.500000e-01	8.500000e-01	8.499810e-01
1.455326e-07	8.500000e-01	8.500000e-01	8.500000e-01	8.500000e-01	8.498480e-01
1.455979e-07	8.500000e-01	8.500000e-01	8.500000e-01	8.500000e-01	8.499408e-01
1.457285e-07	8.500000e-01	8.500000e-01	8.500000e-01	8.500000e-01	8.498769e-01
1.459199e-07	8.500000e-01	8.500000e-01	8.500000e-01	8.500000e-01	8.500508e-01
1.460991e-07	8.500000e-01	8.500000e-01	8.500000e-01	8.500000e-01	8.499677e-01
1.464575e-07	8.500000e-01	8.500000e-01	8.500000e-01	8.500000e-01	8.500163e-01
1.471744e-07	8.500000e-01	8.500000e-01	8.500000e-01	8.500000e-01	8.499814e-01
1.486082e-07	8.500000e-01	8.500000e-01	8.500000e-01	8.500000e-01	8.500122e-01
1.505000e-07	8.500000e-01	8.500000e-01	8.500000e-01	8.500000e-01	8.499837e-01
1.505500e-07	8.500000e-01	7.650000e-01	8.500000e-01	8.500000e-01	8.499152e-01
1.506500e-07	8.500000e-01	5.950000e-01	8.500000e-01	8.500000e-01	8.499398e-01
1.508500e-07	8.500000e-01	2.550000e-01	8.500000e-01	8.500000e-01	8.502470e-01
1.510000e-07	8.500000e-01	0.000000e+00	8.500000e-01	8.500000e-01	8.498079e-01
1.510200e-07	8.500000e-01	0.000000e+00	8.500000e-01	8.500000e-01	8.499068e-01
1.510600e-07	8.500000e-01	0.000000e+00	8.500000e-01	8.500000e-01	8.498963e-01
1.511400e-07	8.500000e-01	0.000000e+00	8.500000e-01	8.500000e-01	8.498675e-01
1.512371e-07	8.500000e-01	0.000000e+00	8.500000e-01	8.500000e-01	8.500519e-01
1.513483e-07	8.500000e-01	0.000000e+00	8.500000e-01	8.500000e-01	8.500010e-01
1.515068e-07	8.500000e-01	0.000000e+00	8.500000e-01	8.500000e-01	8.500197e-01
1.516686e-07	8.500000e-01	0.000000e+00	8.500000e-01	8.500000e-01	8.499844e-01
1.518333e-07	8.500000e-01	0.000000e+00	8.500000e-01	8.500000e-01	8.500034e-01
1.521627e-07	8.500000e-01	0.000000e+00	8.500000e-01	8.500000e-01	8.499939e-01
1.527214e-07	8.500000e-01	0.000000e+00	8.500000e-01	8.500000e-01	8.500001e-01
1.537731e-07	8.500000e-01	0.000000e+00	8.500000e-01	8.500000e-01	8.499954e-01
1.558764e-07	8.500000e-01	0.000000e+00	8.500000e-01	8.500000e-01	8.499995e-01
1.600000e-07	8.500000e-01	0.000000e+00	8.500000e-01	8.500000e-01	8.499957e-01
1.600500e-07	8.500000e-01	8.500000e-02	8.500000e-01	8.500000e-01	8.502167e-01
1.601500e-07	8.500000e-01	2.550000e-01	8.500000e-01	8.500000e-01	8.499638e-01
1.603500e-07	8.500000e-01	5.950000e-01	8.500000e-01	8.500000e-01	8.491156e-01
1.605000e-07	8.500000e-01	8.500000e-01	8.500000e-01	8.500000e-01	8.562811e-01
1.605239e-07	8.500000e-01	8.500000e-01	8.500000e-01	8.500000e-01	8.624547e-01
1.605718e-07	8.500000e-01	8.500000e-01	8.500000e-01	8.500000e-01	8.740859e-01
1.606675e-07	8.500000e-01	8.500000e-01	8.500000e-01	8.500000e-01	8.276148e-01
1.608113e-07	8.500000e-01	8.500000e-01	8.500000e-01	8.500000e-01	1.288311e-01
1.609643e-07	8.500000e-01	8.500000e-01	8.500000e-01	8.500000e-01	-3.117528e-02
1.611695e-07	8.500000e-01	8.500000e-01	8.500000e-01	8.500000e-01	2.096038e-02
1.614078e-07	8.500000e-01	8.500000e-01	8.500000e-01	8.500000e-01	-1.439179e-02
1.616259e-07	8.500000e-01	8.500000e-01	8.500000e-01	8.500000e-01	9.862448e-03
1.620623e-07	8.500000e-01	8.500000e-01	8.500000e-01	8.500000e-01	-8.071733e-03
1.625951e-07	8.500000e-01	8.500000e-01	8.500000e-01	8.500000e-01	6.940338e-03
1.635032e-07	8.500000e-01	8.500000e-01	8.500000e-01	8.500000e-01	-6.292088e-03
1.650111e-07	8.500000e-01	8.500000e-01	8.500000e-01	8.500000e-01	5.980164e-03
1.655000e-07	8.500000e-01	8.500000e-01	8.500000e-01	8.500000e-01	-5.004292e-03
1.655500e-07	7.650000e-01	8.500000e-01	8.500000e-01	8.500000e-01	-1.652861e-03
1.656500e-07	5.950000e-01	8.500000e-01	8.500000e-01	8.500000e-01	4.519036e-04
1.658500e-07	2.550000e-01	8.500000e-01	8.500000e-01	8.500000e-01	-2.737501e-04
1.660000e-07	0.000000e+00	8.500000e-01	8.500000e-01	8.500000e-01	2.794331e-04
1.660315e-07	0.000000e+00	8.500000e-01	8.500000e-01	8.500000e-01	2.737762e-04
1.660945e-07	0.000000e+00	8.500000e-01	8.500000e-01	8.500000e-01	1.458576e-04
1.662205e-07	0.000000e+00	8.500000e-01	8.500000e-01	8.500000e-01	-5.155653e-05
1.664725e-07	0.000000e+00	8.500000e-01	8.500000e-01	8.500000e-01	4.396669e-05
1.667201e-07	0.000000e+00	8.500000e-01	8.500000e-01	8.500000e-01	-2.592422e-05
1.672153e-07	0.000000e+00	8.500000e-01	8.500000e-01	8.500000e-01	2.818353e-05
1.682057e-07	0.000000e+00	8.500000e-01	8.500000e-01	8.500000e-01	-1.932397e-05
1.701866e-07	0.000000e+00	8.500000e-01	8.500000e-01	8.500000e-01	2.510089e-05
1.705000e-07	0.000000e+00	8.500000e-01	8.500000e-01	8.500000e-01	-1.290918e-05
1.705500e-07	0.000000e+00	7.650000e-01	8.500000e-01	8.500000e-01	-1.343429e-04
1.706500e-07	0.000000e+00	5.950000e-01	8.500000e-01	8.500000e-01	6.049578e-06
1.708500e-07	0.000000e+00	2.550000e-01	8.500000e-01	8.500000e-01	1.530537e-04
1.710000e-07	0.000000e+00	0.000000e+00	8.500000e-01	8.500000e-01	2.819349e-04
1.710214e-07	0.000000e+00	0.000000e+00	8.500000e-01	8.500000e-01	-1.035469e-05
1.710642e-07	0.000000e+00	0.000000e+00	8.500000e-01	8.500000e-01	-4.214133e-04
1.711497e-07	0.000000e+00	0.000000e+00	8.500000e-01	8.500000e-01	-2.634711e-04
1.713209e-07	0.000000e+00	0.000000e+00	8.500000e-01	8.500000e-01	1.498746e-04
1.714850e-07	0.000000e+00	0.000000e+00	8.500000e-01	8.500000e-01	3.193222e-05
1.718016e-07	0.000000e+00	0.000000e+00	8.500000e-01	8.500000e-01	-1.613063e-05
1.724350e-07	0.000000e+00	0.000000e+00	8.500000e-01	8.500000e-01	2.048486e-05
1.737017e-07	0.000000e+00	0.000000e+00	8.500000e-01	8.500000e-01	-1.264304e-05
1.762351e-07	0.000000e+00	0.000000e+00	8.500000e-01	8.500000e-01	1.887042e-05
1.800000e-07	0.000000e+00	0.000000e+00	8.500000e-01	8.500000e-01	-1.177951e-05
1.800500e-07	0.000000e+00	8.500000e-02	8.500000e-01	8.500000e-01	7.652011e-05
1.801500e-07	0.000000e+00	2.550000e-01	8.500000e-01	8.500000e-01	1.853551e-05
1.803500e-07	0.000000e+00	5.950000e-01	8.500000e-01	8.500000e-01	-1.615938e-04
1.805000e-07	0.000000e+00	8.500000e-01	8.500000e-01	8.500000e-01	1.065739e-05
1.805244e-07	0.000000e+00	8.500000e-01	8.500000e-01	8.500000e-01	1.601804e-04
1.805732e-07	0.000000e+00	8.500000e-01	8.500000e-01	8.500000e-01	3.434543e-04
1.806708e-07	0.000000e+00	8.500000e-01	8.500000e-01	8.500000e-01	-7.987401e-05
1.808439e-07	0.000000e+00	8.500000e-01	8.500000e-01	8.500000e-01	-6.978505e-06
1.810141e-07	0.000000e+00	8.500000e-01	8.500000e-01	8.500000e-01	-1.119430e-05
1.813544e-07	0.000000e+00	8.500000e-01	8.500000e-01	8.500000e-01	1.762135e-05
1.820351e-07	0.000000e+00	8.500000e-01	8.500000e-01	8.500000e-01	-9.614331e-06
1.833966e-07	0.000000e+00	8.500000e-01	8.500000e-01	8.500000e-01	1.571080e-05
1.850000e-07	0.000000e+00	8.500000e-01	8.500000e-01	8.500000e-01	-8.401935e-06
1.850500e-07	8.500000e-02	8.500000e-01	8.500000e-01	8.500000e-01	9.910747e-05
1.851500e-07	2.550000e-01	8.500000e-01	8.500000e-01	8.500000e-01	1.444165e-04
1.853500e-07	5.950000e-01	8.500000e-01	8.500000e-01	8.500000e-01	1.716147e-04
1.855000e-07	8.500000e-01	8.500000e-01	8.500000e-01	8.500000e-01	-3.931954e-05
1.855400e-07	8.500000e-01	8.500000e-01	8.500000e-01	8.500000e-01	-2.896270e-04
1.856200e-07	8.500000e-01	8.500000e-01	8.500000e-01	8.500000e-01	-2.778593e-04
1.857800e-07	8.500000e-01	8.500000e-01	8.500000e-01	8.500000e-01	7.349278e-05
1.861000e-07	8.500000e-01	8.500000e-01	8.500000e-01	8.500000e-01	-2.017539e-05
1.864402e-07	8.500000e-01	8.500000e-01	8.500000e-01	8.500000e-01	2.157132e-05
1.871206e-07	8.500000e-01	8.500000e-01	8.500000e-01	8.500000e-01	2.284375e-06
1.884815e-07	8.500000e-01	8.500000e-01	8.500000e-01	8.500000e-01	1.420292e-05
1.905000e-07	8.500000e-01	8.500000e-01	8.500000e-01	8.500000e-01	5.550265e-06
1.905500e-07	8.500000e-01	7.650000e-01	8.500000e-01	8.500000e-01	-1.286463e-04
1.906500e-07	8.500000e-01	5.950000e-01	8.500000e-01	8.500000e-01	9.652452e-06
1.908500e-07	8.500000e-01	2.550000e-01	8.500000e-01	8.500000e-01	1.609348e-04
1.910000e-07	8.500000e-01	0.000000e+00	8.500000e-01	8.500000e-01	2.837416e-04
1.910214e-07	8.500000e-01	0.000000e+00	8.500000e-01	8.500000e-01	6.577863e-08
1.910642e-07	8.500000e-01	0.000000e+00	8.500000e-01	8.500000e-01	-4.147397e-04
1.911497e-07	8.500000e-01	0.000000e+00	8.500000e-01	8.500000e-01	-2.576889e-04
1.913208e-07	8.500000e-01	0.000000e+00	8.500000e-01	8.500000e-01	1.558800e-04
1.914849e-07	8.500000e-01	0.000000e+00	8.500000e-01	8.500000e-01	3.765818e-05
1.918015e-07	8.500000e-01	0.000000e+00	8.500000e-01	8.500000e-01	-1.011431e-05
1.924348e-07	8.500000e-01	0.000000e+00	8.500000e-01	8.500000e-01	2.620605e-05
1.937012e-07	8.500000e-01	0.000000e+00	8.500000e-01	8.500000e-01	-6.592239e-06
1.955000e-07	8.500000e-01	0.000000e+00	8.500000e-01	8.500000e-01	2.440766e-05
1.955500e-07	8.500000e-01	0.000000e+00	8.500000e-01	7.650000e-01	1.390511e-05
1.956500e-07	8.500000e-01	0.000000e+00	8.500000e-01	5.950000e-01	7.647444e-06
1.958500e-07	8.500000e-01	0.000000e+00	8.500000e-01	2.550000e-01	7.801554e-06
1.960000e-07	8.500000e-01	0.000000e+00	8.500000e-01	0.000000e+00	-3.451039e-05
1.960186e-07	8.500000e-01	0.000000e+00	8.500000e-01	0.000000e+00	2.607680e-05
1.960558e-07	8.500000e-01	0.000000e+00	8.500000e-01	0.000000e+00	9.102784e-05
1.961303e-07	8.500000e-01	0.000000e+00	8.500000e-01	0.000000e+00	1.009131e-06
1.962646e-07	8.500000e-01	0.000000e+00	8.500000e-01	0.000000e+00	-1.265387e-05
1.963718e-07	8.500000e-01	0.000000e+00	8.500000e-01	0.000000e+00	-4.701879e-07
1.964836e-07	8.500000e-01	0.000000e+00	8.500000e-01	0.000000e+00	5.556187e-05
1.966054e-07	8.500000e-01	0.000000e+00	8.500000e-01	0.000000e+00	2.075476e-05
1.967386e-07	8.500000e-01	0.000000e+00	8.500000e-01	0.000000e+00	-7.929798e-05
1.968955e-07	8.500000e-01	0.000000e+00	8.500000e-01	0.000000e+00	1.042969e-04
1.970589e-07	8.500000e-01	0.000000e+00	8.500000e-01	0.000000e+00	-7.505394e-05
1.972455e-07	8.500000e-01	0.000000e+00	8.500000e-01	0.000000e+00	7.353544e-05
1.974214e-07	8.500000e-01	0.000000e+00	8.500000e-01	0.000000e+00	-2.882786e-05
1.977454e-07	8.500000e-01	0.000000e+00	8.500000e-01	0.000000e+00	3.765855e-05
1.981461e-07	8.500000e-01	0.000000e+00	8.500000e-01	0.000000e+00	-1.229721e-05
1.988496e-07	8.500000e-01	0.000000e+00	8.500000e-01	0.000000e+00	2.747168e-05
2.000000e-07	8.500000e-01	0.000000e+00	8.500000e-01	0.000000e+00	-6.998147e-06
2.000500e-07	8.500000e-01	8.500000e-02	8.500000e-01	0.000000e+00	8.219036e-05
2.001500e-07	8.500000e-01	2.550000e-01	8.500000e-01	0.000000e+00	7.526697e-05
2.003500e-07	8.500000e-01	5.950000e-01	8.500000e-01	0.000000e+00	1.581174e-04
2.005000e-07	8.500000e-01	8.500000e-01	8.500000e-01	0.000000e+00	1.907243e-04
2.005247e-07	8.500000e-01	8.500000e-01	8.080793e-01	0.000000e+00	-1.898060e-03
2.005740e-07	8.500000e-01	8.500000e-01	7.242380e-01	0.000000e+00	-5.568878e-03
2.006726e-07	8.500000e-01	8.500000e-01	5.565552e-01	0.000000e+00	-1.582053e-02
2.008223e-07	8.500000e-01	8.500000e-01	3.020715e-01	0.000000e+00	6.246202e-01
2.009643e-07	8.500000e-01	8.500000e-01	6.067464e-02	0.000000e+00	8.308514e-01
2.010000e-07	8.500000e-01	8.500000e-01	0.000000e+00	0.000000e+00	8.274251e-01
2.010149e-07	8.500000e-01	8.500000e-01	0.000000e+00	0.000000e+00	8.312213e-01
2.010446e-07	8.500000e-01	8.500000e-01	0.000000e+00	0.000000e+00	8.370186e-01
2.011042e-07	8.500000e-01	8.500000e-01	0.000000e+00	0.000000e+00	8.429450e-01
2.012232e-07	8.500000e-01	8.500000e-01	0.000000e+00	0.000000e+00	8.477695e-01
2.013784e-07	8.500000e-01	8.500000e-01	0.000000e+00	0.000000e+00	8.495568e-01
2.016888e-07	8.500000e-01	8.500000e-01	0.000000e+00	0.000000e+00	8.500487e-01
2.023097e-07	8.500000e-01	8.500000e-01	0.000000e+00	0.000000e+00	8.499743e-01
2.035514e-07	8.500000e-01	8.500000e-01	0.000000e+00	0.000000e+00	8.500133e-01
2.055000e-07	8.500000e-01	8.500000e-01	0.000000e+00	0.000000e+00	8.499852e-01
2.055500e-07	7.650000e-01	8.500000e-01	0.000000e+00	0.000000e+00	8.498974e-01
2.056500e-07	5.950000e-01	8.500000e-01	0.000000e+00	0.000000e+00	8.499125e-01
2.058500e-07	2.550000e-01	8.500000e-01	0.000000e+00	0.000000e+00	8.499915e-01
2.060000e-07	0.000000e+00	8.500000e-01	0.000000e+00	0.000000e+00	8.499727e-01
2.060400e-07	0.000000e+00	8.500000e-01	0.000000e+00	0.000000e+00	8.500267e-01
2.061200e-07	0.000000e+00	8.500000e-01	0.000000e+00	0.000000e+00	8.500493e-01
2.062800e-07	0.000000e+00	8.500000e-01	0.000000e+00	0.000000e+00	8.499903e-01
2.066000e-07	0.000000e+00	8.500000e-01	0.000000e+00	0.000000e+00	8.499954e-01
2.072400e-07	0.000000e+00	8.500000e-01	0.000000e+00	0.000000e+00	8.499894e-01
2.085200e-07	0.000000e+00	8.500000e-01	0.000000e+00	0.000000e+00	8.499941e-01
2.105000e-07	0.000000e+00	8.500000e-01	0.000000e+00	0.000000e+00	8.499897e-01
2.105500e-07	0.000000e+00	7.650000e-01	0.000000e+00	0.000000e+00	8.499303e-01
2.106500e-07	0.000000e+00	5.950000e-01	0.000000e+00	0.000000e+00	8.499366e-01
2.108500e-07	0.000000e+00	2.550000e-01	0.000000e+00	0.000000e+00	8.501506e-01
2.110000e-07	0.000000e+00	0.000000e+00	0.000000e+00	0.000000e+00	8.499754e-01
2.110214e-07	0.000000e+00	0.000000e+00	0.000000e+00	0.000000e+00	8.499886e-01
2.110642e-07	0.000000e+00	0.000000e+00	0.000000e+00	0.000000e+00	8.499009e-01
2.111497e-07	0.000000e+00	0.000000e+00	0.000000e+00	0.000000e+00	8.498576e-01
2.113208e-07	0.000000e+00	0.000000e+00	0.000000e+00	0.000000e+00	8.500430e-01
2.114856e-07	0.000000e+00	0.000000e+00	0.000000e+00	0.000000e+00	8.499942e-01
2.118030e-07	0.000000e+00	0.000000e+00	0.000000e+00	0.000000e+00	8.499883e-01
2.124379e-07	0.000000e+00	0.000000e+00	0.000000e+00	0.000000e+00	8.499920e-01
2.137077e-07	0.000000e+00	0.000000e+00	0.000000e+00	0.000000e+00	8.499904e-01
2.162472e-07	0.000000e+00	0.000000e+00	0.000000e+00	0.000000e+00	8.499921e-01
2.200000e-07	0.000000e+00	0.000000e+00	0.000000e+00	0.000000e+00	8.499909e-01
2.200500e-07	0.000000e+00	8.500000e-02	0.000000e+00	0.000000e+00	8.501525e-01
2.201500e-07	0.000000e+00	2.550000e-01	0.000000e+00	0.000000e+00	8.500086e-01
2.203500e-07	0.000000e+00	5.950000e-01	0.000000e+00	0.000000e+00	8.497916e-01
2.205000e-07	0.000000e+00	8.500000e-01	0.000000e+00	0.000000e+00	8.497870e-01
2.205244e-07	0.000000e+00	8.500000e-01	0.000000e+00	0.000000e+00	8.499419e-01
2.205731e-07	0.000000e+00	8.500000e-01	0.000000e+00	0.000000e+00	8.502322e-01
2.206706e-07	0.000000e+00	8.500000e-01	0.000000e+00	0.000000e+00	8.501687e-01
2.208433e-07	0.000000e+00	8.500000e-01	0.000000e+00	0.000000e+00	8.499068e-01
2.210134e-07	0.000000e+00	8.500000e-01	0.000000e+00	0.000000e+00	8.499757e-01
2.213535e-07	0.000000e+00	8.500000e-01	0.000000e+00	0.000000e+00	8.499828e-01
2.220338e-07	0.000000e+00	8.500000e-01	0.000000e+00	0.000000e+00	8.499944e-01
2.233944e-07	0.000000e+00	8.500000e-01	0.000000e+00	0.000000e+00	8.499850e-01
2.250000e-07	0.000000e+00	8.500000e-01	0.000000e+00	0.000000e+00	8.499959e-01
2.250500e-07	8.500000e-02	8.500000e-01	0.000000e+00	0.000000e+00	8.500394e-01
2.251500e-07	2.550000e-01	8.500000e-01	0.000000e+00	0.000000e+00	8.500456e-01
2.253500e-07	5.950000e-01	8.500000e-01	0.000000e+00	0.000000e+00	8.499973e-01
2.255000e-07	8.500000e-01	8.500000e-01	0.000000e+00	0.000000e+00	8.500654e-01
2.255400e-07	8.500000e-01	8.500000e-01	0.000000e+00	0.000000e+00	8.499950e-01
2.256200e-07	8.500000e-01	8.500000e-01	0.000000e+00	0.000000e+00	8.499665e-01
2.257800e-07	8.500000e-01	8.500000e-01	0.000000e+00	0.000000e+00	8.499993e-01
2.261000e-07	8.500000e-01	8.500000e-01	0.000000e+00	0.000000e+00	8.499951e-01
2.267400e-07	8.500000e-01	8.500000e-01	0.000000e+00	0.000000e+00	8.499997e-01
2.280200e-07	8.500000e-01	8.500000e-01	0.000000e+00	0.000000e+00	8.499954e-01
2.305000e-07	8.500000e-01	8.500000e-01	0.000000e+00	0.000000e+00	8.499996e-01
2.305500e-07	8.500000e-01	7.650000e-01	0.000000e+00	0.000000e+00	8.499391e-01
2.306500e-07	8.500000e-01	5.950000e-01	0.000000e+00	0.000000e+00	8.499423e-01
2.308500e-07	8.500000e-01	2.550000e-01	0.000000e+00	0.000000e+00	8.501567e-01
2.310000e-07	8.500000e-01	0.000000e+00	0.000000e+00	0.000000e+00	8.499859e-01
2.310214e-07	8.500000e-01	0.000000e+00	0.000000e+00	0.000000e+00	8.500010e-01
2.310642e-07	8.500000e-01	0.000000e+00	0.000000e+00	0.000000e+00	8.499152e-01
2.311497e-07	8.500000e-01	0.000000e+00	0.000000e+00	0.000000e+00	8.498673e-01
2.313208e-07	8.500000e-01	0.000000e+00	0.000000e+00	0.000000e+00	8.500461e-01
2.314856e-07	8.500000e-01	0.000000e+00	0.000000e+00	0.000000e+00	8.500022e-01
2.318031e-07	8.500000e-01	0.000000e+00	0.000000e+00	0.000000e+00	8.499959e-01
2.324380e-07	8.500000e-01	0.000000e+00	0.000000e+00	0.000000e+00	8.499981e-01
2.337078e-07	8.500000e-01	0.000000e+00	0.000000e+00	0.000000e+00	8.499973e-01
2.362475e-07	8.500000e-01	0.000000e+00	0.000000e+00	0.000000e+00	8.499976e-01
2.400000e-07	8.500000e-01	0.000000e+00	0.000000e+00	0.000000e+00	8.499975e-01
2.400500e-07	8.500000e-01	8.500000e-02	0.000000e+00	0.000000e+00	8.501615e-01
2.401500e-07	8.500000e-01	2.550000e-01	0.000000e+00	0.000000e+00	8.500263e-01
2.403500e-07	8.500000e-01	5.950000e-01	0.000000e+00	0.000000e+00	8.498078e-01
2.405000e-07	8.500000e-01	8.500000e-01	0.000000e+00	0.000000e+00	8.497961e-01
2.405244e-07	8.500000e-01	8.500000e-01	0.000000e+00	0.000000e+00	8.499493e-01
2.405731e-07	8.500000e-01	8.500000e-01	0.000000e+00	0.000000e+00	8.502432e-01
2.406706e-07	8.500000e-01	8.500000e-01	0.000000e+00	0.000000e+00	8.501895e-01
2.408433e-07	8.500000e-01	8.500000e-01	0.000000e+00	0.000000e+00	8.499281e-01
2.410134e-07	8.500000e-01	8.500000e-01	0.000000e+00	0.000000e+00	8.499883e-01
2.413535e-07	8.500000e-01	8.500000e-01	0.000000e+00	0.000000e+00	8.499924e-01
2.420338e-07	8.500000e-01	8.500000e-01	0.000000e+00	0.000000e+00	8.500027e-01
2.433944e-07	8.500000e-01	8.500000e-01	0.000000e+00	0.000000e+00	8.499923e-01
2.450000e-07	8.500000e-01	8.500000e-01	0.000000e+00	2.249931e-14	8.500026e-01
2.450500e-07	8.500000e-01	8.500000e-01	0.000000e+00	8.500000e-02	8.500592e-01
2.451500e-07	8.500000e-01	8.500000e-01	0.000000e+00	2.550000e-01	8.500194e-01
2.453500e-07	8.500000e-01	8.500000e-01	0.000000e+00	5.950000e-01	8.491916e-01
2.455000e-07	8.500000e-01	8.500000e-01	0.000000e+00	8.500000e-01	8.712735e-01
2.455210e-07	8.143583e-01	8.500000e-01	0.000000e+00	8.500000e-01	8.779230e-01
2.455629e-07	7.430748e-01	8.500000e-01	0.000000e+00	8.500000e-01	8.874380e-01
2.456468e-07	6.005078e-01	8.500000e-01	0.000000e+00	8.500000e-01	8.808576e-01
2.457445e-07	4.343493e-01	8.500000e-01	0.000000e+00	8.500000e-01	8.620620e-01
2.458392e-07	2.733560e-01	8.500000e-01	0.000000e+00	8.500000e-01	8.541816e-01
2.459406e-07	1.009153e-01	8.500000e-01	0.000000e+00	8.500000e-01	8.518619e-01
2.460000e-07	0.000000e+00	8.500000e-01	0.000000e+00	8.500000e-01	8.512567e-01
2.460105e-07	0.000000e+00	8.500000e-01	0.000000e+00	8.500000e-01	8.512163e-01
2.460314e-07	0.000000e+00	8.500000e-01	0.000000e+00	8.500000e-01	8.511196e-01
2.460732e-07	0.000000e+00	8.500000e-01	0.000000e+00	8.500000e-01	8.509245e-01
2.461568e-07	0.000000e+00	8.500000e-01	0.000000e+00	8.500000e-01	8.506380e-01
2.463240e-07	0.000000e+00	8.500000e-01	0.000000e+00	8.500000e-01	8.503811e-01
2.466584e-07	0.000000e+00	8.500000e-01	0.000000e+00	8.500000e-01	8.502402e-01
2.473272e-07	0.000000e+00	8.500000e-01	0.000000e+00	8.500000e-01	8.501080e-01
2.486649e-07	0.000000e+00	8.500000e-01	0.000000e+00	8.500000e-01	8.500551e-01
2.505000e-07	0.000000e+00	8.500000e-01	0.000000e+00	8.500000e-01	8.500192e-01
2.505500e-07	0.000000e+00	7.650000e-01	0.000000e+00	8.500000e-01	8.499537e-01
2.506500e-07	0.000000e+00	5.950000e-01	0.000000e+00	8.500000e-01	8.499602e-01
2.508500e-07	0.000000e+00	2.550000e-01	0.000000e+00	8.500000e-01	8.502156e-01
2.510000e-07	0.000000e+00	3.463896e-14	0.000000e+00	8.500000e-01	8.499123e-01
2.510200e-07	0.000000e+00	0.000000e+00	0.000000e+00	8.500000e-01	8.499750e-01
2.510600e-07	0.000000e+00	0.000000e+00	0.000000e+00	8.500000e-01	8.499507e-01
2.511401e-07	0.000000e+00	0.000000e+00	0.000000e+00	8.500000e-01	8.498940e-01
2.512372e-07	0.000000e+00	0.000000e+00	0.000000e+00	8.500000e-01	8.500250e-01
2.513483e-07	0.000000e+00	0.000000e+00	0.000000e+00	8.500000e-01	8.500223e-01
2.515068e-07	0.000000e+00	0.000000e+00	0.000000e+00	8.500000e-01	8.500365e-01
2.516687e-07	0.000000e+00	0.000000e+00	0.000000e+00	8.500000e-01	8.500065e-01
2.518333e-07	0.000000e+00	0.000000e+00	0.000000e+00	8.500000e-01	8.500140e-01
2.521626e-07	0.000000e+00	0.000000e+00	0.000000e+00	8.500000e-01	8.500092e-01
2.527217e-07	0.000000e+00	0.000000e+00	0.000000e+00	8.500000e-01	8.500117e-01
2.537728e-07	0.000000e+00	0.000000e+00	0.000000e+00	8.500000e-01	8.500061e-01
2.558751e-07	0.000000e+00	0.000000e+00	0.000000e+00	8.500000e-01	8.500048e-01
2.600000e-07	0.000000e+00	8.999725e-14	0.000000e+00	8.500000e-01	8.499980e-01
2.600500e-07	0.000000e+00	8.500000e-02	8.500000e-02	8.500000e-01	8.620754e-01
2.601500e-07	0.000000e+00	2.550000e-01	2.550000e-01	8.500000e-01	8.728879e-01
2.603500e-07	0.000000e+00	5.950000e-01	5.950000e-01	8.500000e-01	8.506272e-01
2.605000e-07	0.000000e+00	8.500000e-01	8.500000e-01	8.500000e-01	8.607188e-01
2.605206e-07	0.000000e+00	8.500000e-01	8.500000e-01	8.500000e-01	8.639504e-01
2.605617e-07	0.000000e+00	8.500000e-01	8.500000e-01	8.500000e-01	8.726646e-01
2.606441e-07	0.000000e+00	8.500000e-01	8.500000e-01	8.500000e-01	8.553905e-01
2.607996e-07	0.000000e+00	8.500000e-01	8.500000e-01	8.500000e-01	1.559702e-01
2.609548e-07	0.000000e+00	8.500000e-01	8.500000e-01	8.500000e-01	-3.318476e-02
2.611703e-07	0.000000e+00	8.500000e-01	8.500000e-01	8.500000e-01	2.281602e-02
2.613813e-07	0.000000e+00	8.500000e-01	8.500000e-01	8.500000e-01	-1.495303e-02
2.616016e-07	0.000000e+00	8.500000e-01	8.500000e-01	8.500000e-01	1.028276e-02
2.620423e-07	0.000000e+00	8.500000e-01	8.500000e-01	8.500000e-01	-8.441710e-03
2.625333e-07	0.000000e+00	8.500000e-01	8.500000e-01	8.500000e-01	7.149889e-03
2.634484e-07	0.000000e+00	8.500000e-01	8.500000e-01	8.500000e-01	-6.497267e-03
2.650000e-07	0.000000e+00	8.500000e-01	8.500000e-01	8.500000e-01	6.178631e-03
2.650500e-07	8.500000e-02	8.500000e-01	8.500000e-01	8.500000e-01	2.034967e-03
2.651500e-07	2.550000e-01	8.500000e-01	8.500000e-01	8.500000e-01	-6.050738e-04
2.653500e-07	5.950000e-01	8.500000e-01	8.500000e-01	8.500000e-01	6.635348e-04
2.655000e-07	8.500000e-01	8.500000e-01	8.500000e-01	8.500000e-01	-3.121956e-04
2.655400e-07	8.500000e-01	8.500000e-01	8.500000e-01	8.500000e-01	-3.772534e-04
2.656200e-07	8.500000e-01	8.500000e-01	8.500000e-01	8.500000e-01	-2.461908e-04
2.657800e-07	8.500000e-01	8.500000e-01	8.500000e-01	8.500000e-01	5.484645e-05
2.661000e-07	8.500000e-01	8.500000e-01	8.500000e-01	8.500000e-01	-5.938884e-06
2.664403e-07	8.500000e-01	8.500000e-01	8.500000e-01	8.500000e-01	1.041270e-05
2.671209e-07	8.500000e-01	8.500000e-01	8.500000e-01	8.500000e-01	1.202541e-05
2.684821e-07	8.500000e-01	8.500000e-01	8.500000e-01	8.500000e-01	5.095343e-06
2.705000e-07	8.500000e-01	8.500000e-01	8.500000e-01	8.500000e-01	1.425327e-05
2.705500e-07	8.500000e-01	7.650000e-01	8.500000e-01	8.500000e-01	-1.258220e-04
2.706500e-07	8.500000e-01	5.950000e-01	8.500000e-01	8.500000e-01	8.628529e-06
2.708500e-07	8.500000e-01	2.550000e-01	8.500000e-01	8.500000e-01	1.616430e-04
2.710000e-07	8.500000e-01	3.463896e-14	8.500000e-01	8.500000e-01	2.832499e-04
2.710214e-07	8.500000e-01	0.000000e+00	8.500000e-01	8.500000e-01	-1.098218e-07
2.710641e-07	8.500000e-01	0.000000e+00	8.500000e-01	8.500000e-01	-4.146416e-04
2.711497e-07	8.500000e-01	0.000000e+00	8.500000e-01	8.500000e-01	-2.578480e-04
2.713207e-07	8.500000e-01	0.000000e+00	8.500000e-01	8.500000e-01	1.558293e-04
2.714848e-07	8.500000e-01	0.000000e+00	8.500000e-01	8.500000e-01	3.771429e-05
2.718013e-07	8.500000e-01	0.000000e+00	8.500000e-01	8.500000e-01	-1.013101e-05
2.724343e-07	8.500000e-01	0.000000e+00	8.500000e-01	8.500000e-01	2.621458e-05
2.737004e-07	8.500000e-01	0.000000e+00	8.500000e-01	8.500000e-01	-6.597390e-06
2.762325e-07	8.500000e-01	0.000000e+00	8.500000e-01	8.500000e-01	2.461745e-05
2.800000e-07	8.500000e-01	0.000000e+00	8.500000e-01	8.500000e-01	-5.742400e-06
2.800500e-07	8.500000e-01	8.500000e-02	8.500000e-01	8.500000e-01	8.229257e-05
2.801500e-07	8.500000e-01	2.550000e-01	8.500000e-01	8.500000e-01	2.418284e-05
2.803500e-07	8.500000e-01	5.950000e-01	8.500000e-01	8.500000e-01	-1.551285e-04
2.805000e-07	8.500000e-01	8.500000e-01	8.500000e-01	8.500000e-01	1.742027e-05
2.805244e-07	8.500000e-01	8.500000e-01	8.500000e-01	8.500000e-01	1.540569e-04
2.805732e-07	8.500000e-01	8.500000e-01	8.500000e-01	8.500000e-01	3.083817e-04
2.806708e-07	8.500000e-01	8.500000e-01	8.500000e-01	8.500000e-01	-6.129780e-05
2.808439e-07	8.500000e-01	8.500000e-01	8.500000e-01	8.500000e-01	-8.450230e-06
2.810141e-07	8.500000e-01	8.500000e-01	8.500000e-01	8.500000e-01	-7.886253e-07
2.813544e-07	8.500000e-01	8.500000e-01	8.500000e-01	8.500000e-01	1.991337e-05
2.820351e-07	8.500000e-01	8.500000e-01	8.500000e-01	8.500000e-01	-4.989991e-07
2.833966e-07	8.500000e-01	8.500000e-01	8.500000e-01	8.500000e-01	1.855208e-05
2.855000e-07	8.500000e-01	8.500000e-01	8.500000e-01	8.500000e-01	3.043552e-07
2.855500e-07	7.650000e-01	8.500000e-01	8.500000e-01	8.500000e-01	-2.795875e-04
2.856500e-07	5.950000e-01	8.500000e-01	8.500000e-01	8.500000e-01	-1.450105e-04
2.858500e-07	2.550000e-01	8.500000e-01	8.500000e-01	8.500000e-01	1.146738e-04
2.860000e-07	2.053913e-14	8.500000e-01	8.500000e-01	8.500000e-01	6.032711e-05
2.860315e-07	0.000000e+00	8.500000e-01	8.500000e-01	8.500000e-01	1.819322e-04
2.860945e-07	0.000000e+00	8.500000e-01	8.500000e-01	8.500000e-01	1.606757e-04
2.862204e-07	0.000000e+00	8.500000e-01	8.500000e-01	8.500000e-01	-5.906497e-05
2.864724e-07	0.000000e+00	8.500000e-01	8.500000e-01	8.500000e-01	4.947869e-05
2.867200e-07	0.000000e+00	8.500000e-01	8.500000e-01	8.500000e-01	-2.991461e-05
2.872151e-07	0.000000e+00	8.500000e-01	8.500000e-01	8.500000e-01	3.163554e-05
2.882054e-07	0.000000e+00	8.500000e-01	8.500000e-01	8.500000e-01	-2.252111e-05
2.901861e-07	0.000000e+00	8.500000e-01	8.500000e-01	8.500000e-01	2.817952e-05
2.905000e-07	0.000000e+00	8.500000e-01	8.500000e-01	8.500000e-01	-1.531849e-05
2.905500e-07	0.000000e+00	7.650000e-01	8.500000e-01	8.500000e-01	-1.349968e-04
2.906500e-07	0.000000e+00	5.950000e-01	8.500000e-01	8.500000e-01	6.328394e-06
2.908500e-07	0.000000e+00	2.550000e-01	8.500000e-01	8.500000e-01	1.529158e-04
2.910000e-07	0.000000e+00	3.463896e-14	8.500000e-01	8.500000e-01	2.819847e-04
2.910214e-07	0.000000e+00	0.000000e+00	8.500000e-01	8.500000e-01	-1.020341e-05
2.910641e-07	0.000000e+00	0.000000e+00	8.500000e-01	8.500000e-01	-4.213008e-04
2.911496e-07	0.000000e+00	0.000000e+00	8.500000e-01	8.500000e-01	-2.638209e-04
2.913207e-07	0.000000e+00	0.000000e+00	8.500000e-01	8.500000e-01	1.497783e-04
2.914847e-07	0.000000e+00	0.000000e+00	8.500000e-01	8.500000e-01	3.204948e-05
2.918012e-07	0.000000e+00	0.000000e+00	8.500000e-01	8.500000e-01	-1.616635e-05
2.924341e-07	0.000000e+00	0.000000e+00	8.500000e-01	8.500000e-01	2.050392e-05
2.936999e-07	0.000000e+00	0.000000e+00	8.500000e-01	8.500000e-01	-1.265544e-05
2.955000e-07	0.000000e+00	0.000000e+00	8.500000e-01	8.500000e-01	1.867174e-05
2.955500e-07	0.000000e+00	0.000000e+00	8.500000e-01	7.650000e-01	7.898505e-06
2.956500e-07	0.000000e+00	0.000000e+00	8.500000e-01	5.950000e-01	2.189936e-06
2.958500e-07	0.000000e+00	0.000000e+00	8.500000e-01	2.550000e-01	8.401154e-08
2.960000e-07	0.000000e+00	0.000000e+00	8.500000e-01	3.741452e-14	-1.056446e-05
2.960185e-07	0.000000e+00	0.000000e+00	8.500000e-01	0.000000e+00	3.176848e-06
2.960554e-07	0.000000e+00	0.000000e+00	8.500000e-01	0.000000e+00	1.576719e-05
2.961292e-07	0.000000e+00	0.000000e+00	8.500000e-01	0.000000e+00	1.455563e-05
2.962769e-07	0.000000e+00	0.000000e+00	8.500000e-01	0.000000e+00	9.254254e-07
2.964359e-07	0.000000e+00	0.000000e+00	8.500000e-01	0.000000e+00	4.478062e-06
2.967361e-07	0.000000e+00	0.000000e+00	8.500000e-01	0.000000e+00	2.699374e-06
2.973366e-07	0.000000e+00	0.000000e+00	8.500000e-01	0.000000e+00	3.894372e-06
2.985375e-07	0.000000e+00	0.000000e+00	8.500000e-01	0.000000e+00	2.916433e-06
3.000000e-07	0.000000e+00	8.999725e-14	8.500000e-01	0.000000e+00	3.782245e-06
