time (time)	v(d) (voltage)	v(clk) (voltage)	v(s) (voltage)	v(r) (voltage)	v(q) (voltage)
0.000000e+00	0.000000e+00	0.000000e+00	0.000000e+00	0.000000e+00	4.193955e-01
1.000000e-12	0.000000e+00	1.700000e-03	0.000000e+00	0.000000e+00	4.193950e-01
2.000000e-12	0.000000e+00	3.400000e-03	0.000000e+00	0.000000e+00	4.193958e-01
4.000000e-12	0.000000e+00	6.800000e-03	0.000000e+00	0.000000e+00	4.193965e-01
8.000000e-12	0.000000e+00	1.360000e-02	0.000000e+00	0.000000e+00	4.193958e-01
1.600000e-11	0.000000e+00	2.720000e-02	0.000000e+00	0.000000e+00	4.193944e-01
3.200000e-11	0.000000e+00	5.440000e-02	0.000000e+00	0.000000e+00	4.193965e-01
6.400000e-11	0.000000e+00	1.088000e-01	0.000000e+00	0.000000e+00	4.194388e-01
1.280000e-10	0.000000e+00	2.176000e-01	0.000000e+00	0.000000e+00	4.200846e-01
2.560000e-10	0.000000e+00	4.352000e-01	0.000000e+00	0.000000e+00	4.228947e-01
5.000000e-10	0.000000e+00	8.500000e-01	0.000000e+00	0.000000e+00	3.790196e-01
5.256000e-10	0.000000e+00	8.500000e-01	0.000000e+00	0.000000e+00	3.669349e-01
5.768000e-10	0.000000e+00	8.500000e-01	0.000000e+00	0.000000e+00	3.390189e-01
6.792000e-10	0.000000e+00	8.500000e-01	0.000000e+00	0.000000e+00	2.719655e-01
8.840000e-10	0.000000e+00	8.500000e-01	0.000000e+00	0.000000e+00	1.624552e-01
1.293600e-09	0.000000e+00	8.500000e-01	0.000000e+00	0.000000e+00	6.200582e-02
2.036608e-09	0.000000e+00	8.500000e-01	0.000000e+00	0.000000e+00	5.964659e-03
3.331904e-09	0.000000e+00	8.500000e-01	0.000000e+00	0.000000e+00	-2.680215e-03
5.901555e-09	0.000000e+00	8.500000e-01	0.000000e+00	0.000000e+00	2.122879e-03
9.928458e-09	0.000000e+00	8.500000e-01	0.000000e+00	0.000000e+00	-1.813411e-03
1.050000e-08	0.000000e+00	8.500000e-01	0.000000e+00	0.000000e+00	9.132412e-04
1.055000e-08	0.000000e+00	7.650000e-01	0.000000e+00	0.000000e+00	4.905642e-04
1.065000e-08	0.000000e+00	5.950000e-01	0.000000e+00	0.000000e+00	3.569970e-05
1.085000e-08	0.000000e+00	2.550000e-01	0.000000e+00	0.000000e+00	-3.506122e-07
1.100000e-08	0.000000e+00	0.000000e+00	0.000000e+00	0.000000e+00	4.188400e-05
1.104000e-08	0.000000e+00	0.000000e+00	0.000000e+00	0.000000e+00	4.516134e-05
1.112000e-08	0.000000e+00	0.000000e+00	0.000000e+00	0.000000e+00	3.339049e-05
1.128000e-08	0.000000e+00	0.000000e+00	0.000000e+00	0.000000e+00	-1.016960e-06
1.160000e-08	0.000000e+00	0.000000e+00	0.000000e+00	0.000000e+00	5.221494e-06
1.224000e-08	0.000000e+00	0.000000e+00	0.000000e+00	0.000000e+00	2.261530e-05
1.310613e-08	0.000000e+00	0.000000e+00	0.000000e+00	0.000000e+00	1.353565e-05
1.483838e-08	0.000000e+00	0.000000e+00	0.000000e+00	0.000000e+00	1.786649e-05
1.830289e-08	0.000000e+00	0.000000e+00	0.000000e+00	0.000000e+00	1.407598e-05
2.000000e-08	0.000000e+00	0.000000e+00	0.000000e+00	0.000000e+00	1.738770e-05
2.005000e-08	0.000000e+00	8.500000e-02	0.000000e+00	0.000000e+00	2.582729e-05
2.015000e-08	0.000000e+00	2.550000e-01	0.000000e+00	0.000000e+00	3.286043e-05
2.035000e-08	0.000000e+00	5.950000e-01	0.000000e+00	0.000000e+00	8.993069e-06
2.050000e-08	0.000000e+00	8.500000e-01	0.000000e+00	0.000000e+00	-6.354374e-06
2.054000e-08	0.000000e+00	8.500000e-01	0.000000e+00	0.000000e+00	-7.769656e-06
2.062000e-08	0.000000e+00	8.500000e-01	0.000000e+00	0.000000e+00	6.543624e-06
2.078000e-08	0.000000e+00	8.500000e-01	0.000000e+00	0.000000e+00	3.481785e-05
2.110000e-08	0.000000e+00	8.500000e-01	0.000000e+00	0.000000e+00	1.595185e-05
2.174000e-08	0.000000e+00	8.500000e-01	0.000000e+00	0.000000e+00	1.278241e-05
2.265026e-08	0.000000e+00	8.500000e-01	0.000000e+00	0.000000e+00	1.736534e-05
2.447078e-08	0.000000e+00	8.500000e-01	0.000000e+00	0.000000e+00	1.428735e-05
2.500000e-08	0.000000e+00	8.500000e-01	0.000000e+00	0.000000e+00	1.572897e-05
2.505000e-08	8.500000e-02	8.500000e-01	8.500000e-02	0.000000e+00	1.377160e-03
2.515000e-08	2.550000e-01	8.500000e-01	2.550000e-01	0.000000e+00	4.628048e-03
2.535000e-08	5.950000e-01	8.500000e-01	5.950000e-01	0.000000e+00	1.884018e-02
2.550000e-08	8.500000e-01	8.500000e-01	8.500000e-01	0.000000e+00	2.415004e-02
2.554000e-08	8.500000e-01	8.500000e-01	8.500000e-01	0.000000e+00	1.779449e-02
2.562000e-08	8.500000e-01	8.500000e-01	8.500000e-01	0.000000e+00	7.443440e-03
2.578000e-08	8.500000e-01	8.500000e-01	8.500000e-01	0.000000e+00	-2.088056e-04
2.610000e-08	8.500000e-01	8.500000e-01	8.500000e-01	0.000000e+00	-9.341654e-05
2.618000e-08	8.500000e-01	8.500000e-01	8.500000e-01	0.000000e+00	-3.627176e-05
2.634000e-08	8.500000e-01	8.500000e-01	8.500000e-01	0.000000e+00	4.316521e-05
2.666000e-08	8.500000e-01	8.500000e-01	8.500000e-01	0.000000e+00	8.030853e-05
2.730000e-08	8.500000e-01	8.500000e-01	8.500000e-01	0.000000e+00	8.007445e-05
2.740301e-08	8.500000e-01	8.500000e-01	8.500000e-01	0.000000e+00	8.113192e-05
2.760904e-08	8.500000e-01	8.500000e-01	8.500000e-01	0.000000e+00	8.229624e-05
2.802109e-08	8.500000e-01	8.500000e-01	8.500000e-01	0.000000e+00	8.287851e-05
2.884519e-08	8.500000e-01	8.500000e-01	8.500000e-01	0.000000e+00	8.347506e-05
3.049340e-08	8.500000e-01	8.500000e-01	8.500000e-01	0.000000e+00	8.202751e-05
3.050000e-08	8.500000e-01	8.500000e-01	8.500000e-01	0.000000e+00	8.210605e-05
3.051320e-08	8.500000e-01	8.275684e-01	8.500000e-01	0.000000e+00	7.623288e-05
3.053959e-08	8.500000e-01	7.827052e-01	8.500000e-01	0.000000e+00	6.749706e-05
3.059237e-08	8.500000e-01	6.929789e-01	8.500000e-01	0.000000e+00	6.041080e-05
3.069793e-08	8.500000e-01	5.135262e-01	8.500000e-01	0.000000e+00	6.812622e-05
3.090905e-08	8.500000e-01	1.546208e-01	8.500000e-01	0.000000e+00	9.566587e-05
3.100000e-08	8.500000e-01	0.000000e+00	8.500000e-01	0.000000e+00	1.250574e-04
3.104222e-08	8.500000e-01	0.000000e+00	8.500000e-01	0.000000e+00	1.312853e-04
3.112667e-08	8.500000e-01	0.000000e+00	8.500000e-01	0.000000e+00	1.183836e-04
3.129557e-08	8.500000e-01	0.000000e+00	8.500000e-01	0.000000e+00	6.249758e-05
3.163336e-08	8.500000e-01	0.000000e+00	8.500000e-01	0.000000e+00	6.333804e-05
3.230895e-08	8.500000e-01	0.000000e+00	8.500000e-01	0.000000e+00	9.736100e-05
3.321853e-08	8.500000e-01	0.000000e+00	8.500000e-01	0.000000e+00	7.468737e-05
3.455315e-08	8.500000e-01	0.000000e+00	8.500000e-01	0.000000e+00	9.252581e-05
3.669839e-08	8.500000e-01	0.000000e+00	8.500000e-01	0.000000e+00	7.487294e-05
3.890078e-08	8.500000e-01	0.000000e+00	8.500000e-01	0.000000e+00	8.546233e-05
4.000000e-08	8.500000e-01	0.000000e+00	8.500000e-01	0.000000e+00	8.106149e-05
4.005000e-08	8.500000e-01	8.500000e-02	8.500000e-01	0.000000e+00	8.972323e-05
4.015000e-08	8.500000e-01	2.550000e-01	8.500000e-01	0.000000e+00	1.092019e-04
4.035000e-08	8.500000e-01	5.950000e-01	8.500000e-01	0.000000e+00	1.635804e-04
4.050000e-08	8.500000e-01	8.500000e-01	8.500000e-01	0.000000e+00	1.743540e-04
4.054000e-08	8.500000e-01	8.500000e-01	8.500000e-01	0.000000e+00	1.175312e-04
4.062000e-08	8.500000e-01	8.500000e-01	8.500000e-01	0.000000e+00	-1.234519e-04
4.078000e-08	8.500000e-01	8.500000e-01	8.500000e-01	0.000000e+00	-1.583419e-03
4.110000e-08	8.500000e-01	8.500000e-01	8.500000e-01	0.000000e+00	1.144680e-02
4.174000e-08	8.500000e-01	8.500000e-01	8.500000e-01	0.000000e+00	5.948722e-01
4.262833e-08	8.500000e-01	8.500000e-01	8.500000e-01	0.000000e+00	9.347213e-01
4.389236e-08	8.500000e-01	8.500000e-01	8.500000e-01	0.000000e+00	7.887037e-01
4.550000e-08	8.500000e-01	8.500000e-01	8.500000e-01	0.000000e+00	8.909618e-01
4.555000e-08	7.650000e-01	8.500000e-01	8.500000e-01	0.000000e+00	8.790137e-01
4.565000e-08	5.950000e-01	8.500000e-01	8.500000e-01	0.000000e+00	8.620949e-01
4.585000e-08	2.550000e-01	8.500000e-01	8.500000e-01	0.000000e+00	8.512068e-01
4.600000e-08	3.663736e-15	8.500000e-01	8.500000e-01	0.000000e+00	8.503097e-01
4.604000e-08	0.000000e+00	8.500000e-01	8.500000e-01	0.000000e+00	8.502329e-01
4.612000e-08	0.000000e+00	8.500000e-01	8.500000e-01	0.000000e+00	8.501243e-01
4.628000e-08	0.000000e+00	8.500000e-01	8.500000e-01	0.000000e+00	8.500302e-01
4.660000e-08	0.000000e+00	8.500000e-01	8.500000e-01	0.000000e+00	8.499205e-01
4.724000e-08	0.000000e+00	8.500000e-01	8.500000e-01	0.000000e+00	8.498838e-01
4.795454e-08	0.000000e+00	8.500000e-01	8.500000e-01	0.000000e+00	8.498972e-01
4.927938e-08	0.000000e+00	8.500000e-01	8.500000e-01	0.000000e+00	8.498879e-01
5.050000e-08	0.000000e+00	8.500000e-01	8.500000e-01	0.000000e+00	8.498949e-01
5.055000e-08	0.000000e+00	7.650000e-01	8.500000e-01	0.000000e+00	8.498837e-01
5.065000e-08	0.000000e+00	5.950000e-01	8.500000e-01	0.000000e+00	8.498677e-01
5.085000e-08	0.000000e+00	2.550000e-01	8.500000e-01	0.000000e+00	8.498972e-01
5.100000e-08	0.000000e+00	1.221245e-14	8.500000e-01	0.000000e+00	8.499293e-01
5.104000e-08	0.000000e+00	0.000000e+00	8.500000e-01	0.000000e+00	8.499400e-01
5.112000e-08	0.000000e+00	0.000000e+00	8.500000e-01	0.000000e+00	8.499261e-01
5.128000e-08	0.000000e+00	0.000000e+00	8.500000e-01	0.000000e+00	8.498716e-01
5.160000e-08	0.000000e+00	0.000000e+00	8.500000e-01	0.000000e+00	8.498777e-01
5.224000e-08	0.000000e+00	0.000000e+00	8.500000e-01	0.000000e+00	8.499026e-01
5.308327e-08	0.000000e+00	0.000000e+00	8.500000e-01	0.000000e+00	8.498863e-01
5.436844e-08	0.000000e+00	0.000000e+00	8.500000e-01	0.000000e+00	8.498918e-01
5.638158e-08	0.000000e+00	0.000000e+00	8.500000e-01	0.000000e+00	8.498918e-01
5.848563e-08	0.000000e+00	0.000000e+00	8.500000e-01	0.000000e+00	8.498918e-01
6.000000e-08	0.000000e+00	0.000000e+00	8.500000e-01	0.000000e+00	8.498920e-01
6.005000e-08	0.000000e+00	8.500000e-02	8.500000e-01	0.000000e+00	8.499127e-01
6.015000e-08	0.000000e+00	2.550000e-01	8.500000e-01	0.000000e+00	8.499155e-01
6.035000e-08	0.000000e+00	5.950000e-01	8.500000e-01	0.000000e+00	8.497820e-01
6.050000e-08	0.000000e+00	8.500000e-01	8.500000e-01	0.000000e+00	8.496857e-01
6.054000e-08	0.000000e+00	8.500000e-01	8.500000e-01	0.000000e+00	8.498000e-01
6.062000e-08	0.000000e+00	8.500000e-01	8.500000e-01	0.000000e+00	8.504024e-01
6.078000e-08	0.000000e+00	8.500000e-01	8.500000e-01	0.000000e+00	8.530583e-01
6.110000e-08	0.000000e+00	8.500000e-01	8.500000e-01	0.000000e+00	8.141410e-01
6.174000e-08	0.000000e+00	8.500000e-01	8.500000e-01	0.000000e+00	2.187715e-01
6.266294e-08	0.000000e+00	8.500000e-01	8.500000e-01	0.000000e+00	-8.878740e-02
6.395287e-08	0.000000e+00	8.500000e-01	8.500000e-01	0.000000e+00	6.336975e-02
6.500000e-08	0.000000e+00	8.500000e-01	8.500000e-01	0.000000e+00	-3.584081e-02
6.505000e-08	8.500000e-02	8.500000e-01	8.500000e-01	0.000000e+00	-2.560763e-02
6.515000e-08	2.550000e-01	8.500000e-01	8.500000e-01	0.000000e+00	-1.085603e-02
6.535000e-08	5.950000e-01	8.500000e-01	8.500000e-01	0.000000e+00	-1.019458e-03
6.550000e-08	8.500000e-01	8.500000e-01	8.500000e-01	0.000000e+00	-1.620218e-04
6.554000e-08	8.500000e-01	8.500000e-01	8.500000e-01	0.000000e+00	-1.946991e-04
6.562000e-08	8.500000e-01	8.500000e-01	8.500000e-01	0.000000e+00	-1.744237e-04
6.578000e-08	8.500000e-01	8.500000e-01	8.500000e-01	0.000000e+00	-4.421978e-05
6.610000e-08	8.500000e-01	8.500000e-01	8.500000e-01	0.000000e+00	4.216834e-05
6.674000e-08	8.500000e-01	8.500000e-01	8.500000e-01	0.000000e+00	8.848899e-05
6.760928e-08	8.500000e-01	8.500000e-01	8.500000e-01	0.000000e+00	8.218966e-05
6.885975e-08	8.500000e-01	8.500000e-01	8.500000e-01	0.000000e+00	8.074533e-05
7.050000e-08	8.500000e-01	8.500000e-01	8.500000e-01	0.000000e+00	8.487849e-05
7.055000e-08	8.500000e-01	7.650000e-01	8.500000e-01	0.000000e+00	7.038652e-05
7.065000e-08	8.500000e-01	5.950000e-01	8.500000e-01	0.000000e+00	6.211193e-05
7.085000e-08	8.500000e-01	2.550000e-01	8.500000e-01	0.000000e+00	8.451075e-05
7.100000e-08	8.500000e-01	1.221245e-14	8.500000e-01	0.000000e+00	1.233851e-04
7.104000e-08	8.500000e-01	0.000000e+00	8.500000e-01	0.000000e+00	1.315612e-04
7.112000e-08	8.500000e-01	0.000000e+00	8.500000e-01	0.000000e+00	1.221235e-04
7.128000e-08	8.500000e-01	0.000000e+00	8.500000e-01	0.000000e+00	6.613768e-05
7.160000e-08	8.500000e-01	0.000000e+00	8.500000e-01	0.000000e+00	5.920861e-05
7.224000e-08	8.500000e-01	0.000000e+00	8.500000e-01	0.000000e+00	9.793173e-05
7.311217e-08	8.500000e-01	0.000000e+00	8.500000e-01	0.000000e+00	7.525983e-05
7.327153e-08	8.500000e-01	0.000000e+00	8.500000e-01	0.000000e+00	8.243901e-05
7.359026e-08	8.500000e-01	0.000000e+00	8.500000e-01	0.000000e+00	8.966817e-05
7.422772e-08	8.500000e-01	0.000000e+00	8.500000e-01	0.000000e+00	8.727505e-05
7.550263e-08	8.500000e-01	0.000000e+00	8.500000e-01	0.000000e+00	8.613449e-05
7.805246e-08	8.500000e-01	0.000000e+00	8.500000e-01	0.000000e+00	7.951726e-05
8.000000e-08	8.500000e-01	0.000000e+00	8.500000e-01	0.000000e+00	8.470697e-05
8.005000e-08	8.500000e-01	8.500000e-02	8.500000e-01	0.000000e+00	9.251103e-05
8.015000e-08	8.500000e-01	2.550000e-01	8.500000e-01	0.000000e+00	1.106531e-04
8.035000e-08	8.500000e-01	5.950000e-01	8.500000e-01	0.000000e+00	1.638175e-04
8.050000e-08	8.500000e-01	8.500000e-01	8.500000e-01	0.000000e+00	1.743053e-04
8.054000e-08	8.500000e-01	8.500000e-01	8.500000e-01	0.000000e+00	1.172926e-04
8.062000e-08	8.500000e-01	8.500000e-01	8.500000e-01	0.000000e+00	-1.238054e-04
8.078000e-08	8.500000e-01	8.500000e-01	8.500000e-01	0.000000e+00	-1.582942e-03
8.110000e-08	8.500000e-01	8.500000e-01	8.500000e-01	0.000000e+00	1.143035e-02
8.174000e-08	8.500000e-01	8.500000e-01	8.500000e-01	0.000000e+00	5.948264e-01
8.262838e-08	8.500000e-01	8.500000e-01	8.500000e-01	0.000000e+00	9.347195e-01
8.389241e-08	8.500000e-01	8.500000e-01	8.500000e-01	0.000000e+00	7.887028e-01
8.550000e-08	8.500000e-01	8.500000e-01	8.500000e-01	0.000000e+00	8.909603e-01
8.555000e-08	7.650000e-01	8.500000e-01	7.650000e-01	0.000000e+00	8.770010e-01
8.565000e-08	5.950000e-01	8.500000e-01	5.950000e-01	0.000000e+00	8.528057e-01
8.585000e-08	2.550000e-01	8.500000e-01	2.550000e-01	0.000000e+00	8.055623e-01
8.600000e-08	2.053913e-14	8.500000e-01	2.620126e-14	0.000000e+00	7.783846e-01
8.604000e-08	0.000000e+00	8.500000e-01	0.000000e+00	0.000000e+00	7.815675e-01
8.612000e-08	0.000000e+00	8.500000e-01	0.000000e+00	0.000000e+00	7.901101e-01
8.628000e-08	0.000000e+00	8.500000e-01	0.000000e+00	0.000000e+00	8.095189e-01
8.660000e-08	0.000000e+00	8.500000e-01	0.000000e+00	0.000000e+00	8.334818e-01
8.719356e-08	0.000000e+00	8.500000e-01	0.000000e+00	0.000000e+00	8.478559e-01
8.809764e-08	0.000000e+00	8.500000e-01	0.000000e+00	0.000000e+00	8.501868e-01
8.990581e-08	0.000000e+00	8.500000e-01	0.000000e+00	0.000000e+00	8.497677e-01
9.050000e-08	0.000000e+00	8.500000e-01	0.000000e+00	0.000000e+00	8.499120e-01
9.055000e-08	0.000000e+00	7.650000e-01	0.000000e+00	0.000000e+00	8.498801e-01
9.065000e-08	0.000000e+00	5.950000e-01	0.000000e+00	0.000000e+00	8.498268e-01
9.085000e-08	0.000000e+00	2.550000e-01	0.000000e+00	0.000000e+00	8.498028e-01
9.100000e-08	0.000000e+00	1.221245e-14	0.000000e+00	0.000000e+00	8.498115e-01
9.104000e-08	0.000000e+00	0.000000e+00	0.000000e+00	0.000000e+00	8.498103e-01
9.112000e-08	0.000000e+00	0.000000e+00	0.000000e+00	0.000000e+00	8.497761e-01
9.128000e-08	0.000000e+00	0.000000e+00	0.000000e+00	0.000000e+00	8.497025e-01
9.160000e-08	0.000000e+00	0.000000e+00	0.000000e+00	0.000000e+00	8.497351e-01
9.224000e-08	0.000000e+00	0.000000e+00	0.000000e+00	0.000000e+00	8.498096e-01
9.310607e-08	0.000000e+00	0.000000e+00	0.000000e+00	0.000000e+00	8.498848e-01
9.483822e-08	0.000000e+00	0.000000e+00	0.000000e+00	0.000000e+00	8.499015e-01
9.830252e-08	0.000000e+00	0.000000e+00	0.000000e+00	0.000000e+00	8.498960e-01
1.000000e-07	0.000000e+00	0.000000e+00	0.000000e+00	0.000000e+00	8.498969e-01
1.000500e-07	0.000000e+00	8.500000e-02	0.000000e+00	0.000000e+00	8.499062e-01
1.001500e-07	0.000000e+00	2.550000e-01	0.000000e+00	0.000000e+00	8.499009e-01
1.003500e-07	0.000000e+00	5.950000e-01	0.000000e+00	0.000000e+00	8.498589e-01
1.005000e-07	0.000000e+00	8.500000e-01	0.000000e+00	0.000000e+00	8.498182e-01
1.005400e-07	0.000000e+00	8.500000e-01	0.000000e+00	0.000000e+00	8.498114e-01
1.006200e-07	0.000000e+00	8.500000e-01	0.000000e+00	0.000000e+00	8.498201e-01
1.007800e-07	0.000000e+00	8.500000e-01	0.000000e+00	0.000000e+00	8.498595e-01
1.011000e-07	0.000000e+00	8.500000e-01	0.000000e+00	0.000000e+00	8.498677e-01
1.017400e-07	0.000000e+00	8.500000e-01	0.000000e+00	0.000000e+00	8.498610e-01
1.026503e-07	0.000000e+00	8.500000e-01	0.000000e+00	0.000000e+00	8.498784e-01
1.044709e-07	0.000000e+00	8.500000e-01	0.000000e+00	0.000000e+00	8.498736e-01
1.050000e-07	0.000000e+00	8.500000e-01	0.000000e+00	0.000000e+00	8.498632e-01
1.050500e-07	8.500000e-02	8.500000e-01	0.000000e+00	0.000000e+00	8.498580e-01
1.051500e-07	2.550000e-01	8.500000e-01	0.000000e+00	0.000000e+00	8.498768e-01
1.053500e-07	5.950000e-01	8.500000e-01	0.000000e+00	0.000000e+00	8.499228e-01
1.055000e-07	8.500000e-01	8.500000e-01	0.000000e+00	0.000000e+00	8.499724e-01
1.055400e-07	8.500000e-01	8.500000e-01	0.000000e+00	0.000000e+00	8.499709e-01
1.056200e-07	8.500000e-01	8.500000e-01	0.000000e+00	0.000000e+00	8.499614e-01
1.057800e-07	8.500000e-01	8.500000e-01	0.000000e+00	0.000000e+00	8.499578e-01
1.061000e-07	8.500000e-01	8.500000e-01	0.000000e+00	0.000000e+00	8.499516e-01
1.067400e-07	8.500000e-01	8.500000e-01	0.000000e+00	0.000000e+00	8.499518e-01
1.080200e-07	8.500000e-01	8.500000e-01	0.000000e+00	0.000000e+00	8.499543e-01
1.105000e-07	8.500000e-01	8.500000e-01	0.000000e+00	0.000000e+00	8.499520e-01
1.105500e-07	8.500000e-01	7.650000e-01	0.000000e+00	0.000000e+00	8.499453e-01
1.106500e-07	8.500000e-01	5.950000e-01	0.000000e+00	0.000000e+00	8.499356e-01
1.108500e-07	8.500000e-01	2.550000e-01	0.000000e+00	0.000000e+00	8.499578e-01
1.110000e-07	8.500000e-01	1.221245e-14	0.000000e+00	0.000000e+00	8.499793e-01
1.110400e-07	8.500000e-01	0.000000e+00	0.000000e+00	0.000000e+00	8.499896e-01
1.111200e-07	8.500000e-01	0.000000e+00	0.000000e+00	0.000000e+00	8.499820e-01
1.112800e-07	8.500000e-01	0.000000e+00	0.000000e+00	0.000000e+00	8.499416e-01
1.116000e-07	8.500000e-01	0.000000e+00	0.000000e+00	0.000000e+00	8.499468e-01
1.122400e-07	8.500000e-01	0.000000e+00	0.000000e+00	0.000000e+00	8.499587e-01
1.131061e-07	8.500000e-01	0.000000e+00	0.000000e+00	0.000000e+00	8.499515e-01
1.148382e-07	8.500000e-01	0.000000e+00	0.000000e+00	0.000000e+00	8.499554e-01
1.183025e-07	8.500000e-01	0.000000e+00	0.000000e+00	0.000000e+00	8.499517e-01
1.200000e-07	8.500000e-01	0.000000e+00	0.000000e+00	0.000000e+00	8.499549e-01
1.200500e-07	8.500000e-01	8.500000e-02	0.000000e+00	0.000000e+00	8.499721e-01
1.201500e-07	8.500000e-01	2.550000e-01	0.000000e+00	0.000000e+00	8.499803e-01
1.203500e-07	8.500000e-01	5.950000e-01	0.000000e+00	0.000000e+00	8.499524e-01
1.205000e-07	8.500000e-01	8.500000e-01	0.000000e+00	0.000000e+00	8.499155e-01
1.205400e-07	8.500000e-01	8.500000e-01	0.000000e+00	0.000000e+00	8.499113e-01
1.206200e-07	8.500000e-01	8.500000e-01	0.000000e+00	0.000000e+00	8.499262e-01
1.207800e-07	8.500000e-01	8.500000e-01	0.000000e+00	0.000000e+00	8.499746e-01
1.211000e-07	8.500000e-01	8.500000e-01	0.000000e+00	0.000000e+00	8.499744e-01
1.217400e-07	8.500000e-01	8.500000e-01	0.000000e+00	0.000000e+00	8.499494e-01
1.226503e-07	8.500000e-01	8.500000e-01	0.000000e+00	0.000000e+00	8.499584e-01
1.244709e-07	8.500000e-01	8.500000e-01	0.000000e+00	0.000000e+00	8.499511e-01
1.255000e-07	8.500000e-01	8.500000e-01	0.000000e+00	0.000000e+00	8.499565e-01
1.255500e-07	7.650000e-01	8.500000e-01	0.000000e+00	0.000000e+00	8.499192e-01
1.256500e-07	5.950000e-01	8.500000e-01	0.000000e+00	0.000000e+00	8.498876e-01
1.258500e-07	2.550000e-01	8.500000e-01	0.000000e+00	0.000000e+00	8.498939e-01
1.260000e-07	0.000000e+00	8.500000e-01	0.000000e+00	0.000000e+00	8.498952e-01
1.260400e-07	0.000000e+00	8.500000e-01	0.000000e+00	0.000000e+00	8.499010e-01
1.261200e-07	0.000000e+00	8.500000e-01	0.000000e+00	0.000000e+00	8.499094e-01
1.262800e-07	0.000000e+00	8.500000e-01	0.000000e+00	0.000000e+00	8.499148e-01
1.266000e-07	0.000000e+00	8.500000e-01	0.000000e+00	0.000000e+00	8.499029e-01
1.272400e-07	0.000000e+00	8.500000e-01	0.000000e+00	0.000000e+00	8.499168e-01
1.285200e-07	0.000000e+00	8.500000e-01	0.000000e+00	0.000000e+00	8.499091e-01
1.305000e-07	0.000000e+00	8.500000e-01	0.000000e+00	0.000000e+00	8.499215e-01
1.305500e-07	0.000000e+00	7.650000e-01	0.000000e+00	0.000000e+00	8.499092e-01
1.306500e-07	0.000000e+00	5.950000e-01	0.000000e+00	0.000000e+00	8.498961e-01
1.308500e-07	0.000000e+00	2.550000e-01	0.000000e+00	0.000000e+00	8.499069e-01
1.310000e-07	0.000000e+00	0.000000e+00	0.000000e+00	0.000000e+00	8.499180e-01
1.310400e-07	0.000000e+00	0.000000e+00	0.000000e+00	0.000000e+00	8.499234e-01
1.311200e-07	0.000000e+00	0.000000e+00	0.000000e+00	0.000000e+00	8.499042e-01
1.312800e-07	0.000000e+00	0.000000e+00	0.000000e+00	0.000000e+00	8.498433e-01
1.316000e-07	0.000000e+00	0.000000e+00	0.000000e+00	0.000000e+00	8.498442e-01
1.322400e-07	0.000000e+00	0.000000e+00	0.000000e+00	0.000000e+00	8.498643e-01
1.331061e-07	0.000000e+00	0.000000e+00	0.000000e+00	0.000000e+00	8.498505e-01
1.348382e-07	0.000000e+00	0.000000e+00	0.000000e+00	0.000000e+00	8.498570e-01
1.383025e-07	0.000000e+00	0.000000e+00	0.000000e+00	0.000000e+00	8.499128e-01
1.400000e-07	0.000000e+00	0.000000e+00	0.000000e+00	0.000000e+00	8.498859e-01
1.400500e-07	0.000000e+00	8.500000e-02	0.000000e+00	0.000000e+00	8.499047e-01
1.401500e-07	0.000000e+00	2.550000e-01	0.000000e+00	0.000000e+00	8.499197e-01
1.403500e-07	0.000000e+00	5.950000e-01	0.000000e+00	0.000000e+00	8.499037e-01
1.405000e-07	0.000000e+00	8.500000e-01	0.000000e+00	0.000000e+00	8.498668e-01
1.405400e-07	0.000000e+00	8.500000e-01	0.000000e+00	0.000000e+00	8.498641e-01
1.406200e-07	0.000000e+00	8.500000e-01	0.000000e+00	0.000000e+00	8.498830e-01
1.407800e-07	0.000000e+00	8.500000e-01	0.000000e+00	0.000000e+00	8.499361e-01
1.411000e-07	0.000000e+00	8.500000e-01	0.000000e+00	0.000000e+00	8.499333e-01
1.417400e-07	0.000000e+00	8.500000e-01	0.000000e+00	0.000000e+00	8.498967e-01
1.426503e-07	0.000000e+00	8.500000e-01	0.000000e+00	0.000000e+00	8.499062e-01
1.444709e-07	0.000000e+00	8.500000e-01	0.000000e+00	0.000000e+00	8.498966e-01
1.450000e-07	0.000000e+00	8.500000e-01	0.000000e+00	0.000000e+00	8.499060e-01
1.450500e-07	8.500000e-02	8.500000e-01	8.500000e-02	8.500000e-02	8.538997e-01
1.451500e-07	2.550000e-01	8.500000e-01	2.550000e-01	2.550000e-01	8.602271e-01
1.453500e-07	5.950000e-01	8.500000e-01	5.950000e-01	5.950000e-01	8.639661e-01
1.455000e-07	8.500000e-01	8.500000e-01	8.500000e-01	8.500000e-01	8.577933e-01
1.455400e-07	8.500000e-01	8.500000e-01	8.500000e-01	8.500000e-01	8.551730e-01
1.456200e-07	8.500000e-01	8.500000e-01	8.500000e-01	8.500000e-01	8.516661e-01
1.457800e-07	8.500000e-01	8.500000e-01	8.500000e-01	8.500000e-01	8.498295e-01
1.461000e-07	8.500000e-01	8.500000e-01	8.500000e-01	8.500000e-01	8.498916e-01
1.467400e-07	8.500000e-01	8.500000e-01	8.500000e-01	8.500000e-01	8.499410e-01
1.474520e-07	8.500000e-01	8.500000e-01	8.500000e-01	8.500000e-01	8.499662e-01
1.487782e-07	8.500000e-01	8.500000e-01	8.500000e-01	8.500000e-01	8.499422e-01
1.501014e-07	8.500000e-01	8.500000e-01	8.500000e-01	8.500000e-01	8.499609e-01
1.505000e-07	8.500000e-01	8.500000e-01	8.500000e-01	8.500000e-01	8.499506e-01
1.505500e-07	8.500000e-01	7.650000e-01	8.500000e-01	8.500000e-01	8.499422e-01
1.506500e-07	8.500000e-01	5.950000e-01	8.500000e-01	8.500000e-01	8.499287e-01
1.508500e-07	8.500000e-01	2.550000e-01	8.500000e-01	8.500000e-01	8.499576e-01
1.510000e-07	8.500000e-01	0.000000e+00	8.500000e-01	8.500000e-01	8.499905e-01
1.510400e-07	8.500000e-01	0.000000e+00	8.500000e-01	8.500000e-01	8.500007e-01
1.511200e-07	8.500000e-01	0.000000e+00	8.500000e-01	8.500000e-01	8.499864e-01
1.512800e-07	8.500000e-01	0.000000e+00	8.500000e-01	8.500000e-01	8.499312e-01
1.516000e-07	8.500000e-01	0.000000e+00	8.500000e-01	8.500000e-01	8.499393e-01
1.522400e-07	8.500000e-01	0.000000e+00	8.500000e-01	8.500000e-01	8.499638e-01
1.530832e-07	8.500000e-01	0.000000e+00	8.500000e-01	8.500000e-01	8.499470e-01
1.543685e-07	8.500000e-01	0.000000e+00	8.500000e-01	8.500000e-01	8.499572e-01
1.563844e-07	8.500000e-01	0.000000e+00	8.500000e-01	8.500000e-01	8.499499e-01
1.584867e-07	8.500000e-01	0.000000e+00	8.500000e-01	8.500000e-01	8.499556e-01
1.600000e-07	8.500000e-01	0.000000e+00	8.500000e-01	8.500000e-01	8.499513e-01
1.600500e-07	8.500000e-01	8.500000e-02	8.500000e-01	8.500000e-01	8.499729e-01
1.601500e-07	8.500000e-01	2.550000e-01	8.500000e-01	8.500000e-01	8.499768e-01
1.603500e-07	8.500000e-01	5.950000e-01	8.500000e-01	8.500000e-01	8.498432e-01
1.605000e-07	8.500000e-01	8.500000e-01	8.500000e-01	8.500000e-01	8.497462e-01
1.605400e-07	8.500000e-01	8.500000e-01	8.500000e-01	8.500000e-01	8.498686e-01
1.606200e-07	8.500000e-01	8.500000e-01	8.500000e-01	8.500000e-01	8.504668e-01
1.607800e-07	8.500000e-01	8.500000e-01	8.500000e-01	8.500000e-01	8.531115e-01
1.611000e-07	8.500000e-01	8.500000e-01	8.500000e-01	8.500000e-01	8.142334e-01
1.617400e-07	8.500000e-01	8.500000e-01	8.500000e-01	8.500000e-01	2.187431e-01
1.626629e-07	8.500000e-01	8.500000e-01	8.500000e-01	8.500000e-01	-8.839930e-02
1.639525e-07	8.500000e-01	8.500000e-01	8.500000e-01	8.500000e-01	6.334243e-02
1.655000e-07	8.500000e-01	8.500000e-01	8.500000e-01	8.500000e-01	-4.232482e-02
1.655500e-07	7.650000e-01	8.500000e-01	8.500000e-01	8.500000e-01	-3.037314e-02
1.656500e-07	5.950000e-01	8.500000e-01	8.500000e-01	8.500000e-01	-1.318176e-02
1.658500e-07	2.550000e-01	8.500000e-01	8.500000e-01	8.500000e-01	-1.594749e-03
1.660000e-07	0.000000e+00	8.500000e-01	8.500000e-01	8.500000e-01	-4.817537e-04
1.660400e-07	0.000000e+00	8.500000e-01	8.500000e-01	8.500000e-01	-3.464262e-04
1.661200e-07	0.000000e+00	8.500000e-01	8.500000e-01	8.500000e-01	-1.026687e-04
1.662800e-07	0.000000e+00	8.500000e-01	8.500000e-01	8.500000e-01	9.384335e-05
1.666000e-07	0.000000e+00	8.500000e-01	8.500000e-01	8.500000e-01	-8.036498e-07
1.672400e-07	0.000000e+00	8.500000e-01	8.500000e-01	8.500000e-01	1.740660e-05
1.685200e-07	0.000000e+00	8.500000e-01	8.500000e-01	8.500000e-01	1.599940e-05
1.705000e-07	0.000000e+00	8.500000e-01	8.500000e-01	8.500000e-01	1.442473e-05
1.705500e-07	0.000000e+00	7.650000e-01	8.500000e-01	8.500000e-01	3.514022e-06
1.706500e-07	0.000000e+00	5.950000e-01	8.500000e-01	8.500000e-01	-2.616796e-06
1.708500e-07	0.000000e+00	2.550000e-01	8.500000e-01	8.500000e-01	1.873033e-05
1.710000e-07	0.000000e+00	0.000000e+00	8.500000e-01	8.500000e-01	5.874036e-05
1.710400e-07	0.000000e+00	0.000000e+00	8.500000e-01	8.500000e-01	6.445431e-05
1.711200e-07	0.000000e+00	0.000000e+00	8.500000e-01	8.500000e-01	5.243844e-05
1.712800e-07	0.000000e+00	0.000000e+00	8.500000e-01	8.500000e-01	-2.303207e-06
1.716000e-07	0.000000e+00	0.000000e+00	8.500000e-01	8.500000e-01	-5.026662e-06
1.722400e-07	0.000000e+00	0.000000e+00	8.500000e-01	8.500000e-01	3.024883e-05
1.731061e-07	0.000000e+00	0.000000e+00	8.500000e-01	8.500000e-01	9.509467e-06
1.748383e-07	0.000000e+00	0.000000e+00	8.500000e-01	8.500000e-01	2.000876e-05
1.783027e-07	0.000000e+00	0.000000e+00	8.500000e-01	8.500000e-01	1.229019e-05
1.800000e-07	0.000000e+00	0.000000e+00	8.500000e-01	8.500000e-01	1.807743e-05
1.800500e-07	0.000000e+00	8.500000e-02	8.500000e-01	8.500000e-01	2.577519e-05
1.801500e-07	0.000000e+00	2.550000e-01	8.500000e-01	8.500000e-01	3.345384e-05
1.803500e-07	0.000000e+00	5.950000e-01	8.500000e-01	8.500000e-01	7.006355e-06
1.805000e-07	0.000000e+00	8.500000e-01	8.500000e-01	8.500000e-01	-1.656817e-05
1.805400e-07	0.000000e+00	8.500000e-01	8.500000e-01	8.500000e-01	-2.021563e-05
1.806200e-07	0.000000e+00	8.500000e-01	8.500000e-01	8.500000e-01	-3.685450e-06
1.807800e-07	0.000000e+00	8.500000e-01	8.500000e-01	8.500000e-01	4.155677e-05
1.811000e-07	0.000000e+00	8.500000e-01	8.500000e-01	8.500000e-01	2.197602e-05
1.817400e-07	0.000000e+00	8.500000e-01	8.500000e-01	8.500000e-01	6.890704e-06
1.826503e-07	0.000000e+00	8.500000e-01	8.500000e-01	8.500000e-01	2.232726e-05
1.844708e-07	0.000000e+00	8.500000e-01	8.500000e-01	8.500000e-01	1.034996e-05
1.850000e-07	0.000000e+00	8.500000e-01	8.500000e-01	8.500000e-01	1.847161e-05
1.850500e-07	8.500000e-02	8.500000e-01	8.500000e-01	8.500000e-01	1.065000e-04
1.851500e-07	2.550000e-01	8.500000e-01	8.500000e-01	8.500000e-01	1.901545e-04
1.853500e-07	5.950000e-01	8.500000e-01	8.500000e-01	8.500000e-01	2.880759e-04
1.855000e-07	8.500000e-01	8.500000e-01	8.500000e-01	8.500000e-01	2.094517e-04
1.855400e-07	8.500000e-01	8.500000e-01	8.500000e-01	8.500000e-01	9.342376e-05
1.856200e-07	8.500000e-01	8.500000e-01	8.500000e-01	8.500000e-01	-2.043231e-05
1.857800e-07	8.500000e-01	8.500000e-01	8.500000e-01	8.500000e-01	-9.714687e-06
1.861000e-07	8.500000e-01	8.500000e-01	8.500000e-01	8.500000e-01	3.873594e-05
1.867400e-07	8.500000e-01	8.500000e-01	8.500000e-01	8.500000e-01	9.327649e-05
1.880200e-07	8.500000e-01	8.500000e-01	8.500000e-01	8.500000e-01	7.787947e-05
1.905000e-07	8.500000e-01	8.500000e-01	8.500000e-01	8.500000e-01	8.500890e-05
1.905500e-07	8.500000e-01	7.650000e-01	8.500000e-01	8.500000e-01	7.330124e-05
1.906500e-07	8.500000e-01	5.950000e-01	8.500000e-01	8.500000e-01	6.566618e-05
1.908500e-07	8.500000e-01	2.550000e-01	8.500000e-01	8.500000e-01	8.548232e-05
1.910000e-07	8.500000e-01	0.000000e+00	8.500000e-01	8.500000e-01	1.257101e-04
1.910400e-07	8.500000e-01	0.000000e+00	8.500000e-01	8.500000e-01	1.313280e-04
1.911200e-07	8.500000e-01	0.000000e+00	8.500000e-01	8.500000e-01	1.175538e-04
1.912800e-07	8.500000e-01	0.000000e+00	8.500000e-01	8.500000e-01	6.357394e-05
1.916000e-07	8.500000e-01	0.000000e+00	8.500000e-01	8.500000e-01	6.173076e-05
1.922400e-07	8.500000e-01	0.000000e+00	8.500000e-01	8.500000e-01	9.727934e-05
1.931061e-07	8.500000e-01	0.000000e+00	8.500000e-01	8.500000e-01	7.534318e-05
1.948383e-07	8.500000e-01	0.000000e+00	8.500000e-01	8.500000e-01	8.758530e-05
1.955000e-07	8.500000e-01	0.000000e+00	8.500000e-01	8.500000e-01	8.059275e-05
1.955500e-07	8.500000e-01	0.000000e+00	8.500000e-01	7.650000e-01	8.109479e-05
1.956500e-07	8.500000e-01	0.000000e+00	8.500000e-01	5.950000e-01	8.223914e-05
1.958500e-07	8.500000e-01	0.000000e+00	8.500000e-01	2.550000e-01	8.247242e-05
1.960000e-07	8.500000e-01	0.000000e+00	8.500000e-01	0.000000e+00	7.997916e-05
1.960400e-07	8.500000e-01	0.000000e+00	8.500000e-01	0.000000e+00	7.758832e-05
1.961200e-07	8.500000e-01	0.000000e+00	8.500000e-01	0.000000e+00	7.309363e-05
1.962800e-07	8.500000e-01	0.000000e+00	8.500000e-01	0.000000e+00	7.976228e-05
1.966000e-07	8.500000e-01	0.000000e+00	8.500000e-01	0.000000e+00	8.118320e-05
1.972400e-07	8.500000e-01	0.000000e+00	8.500000e-01	0.000000e+00	7.608106e-05
1.979633e-07	8.500000e-01	0.000000e+00	8.500000e-01	0.000000e+00	8.720386e-05
1.981382e-07	8.500000e-01	0.000000e+00	8.500000e-01	0.000000e+00	8.348207e-05
1.984882e-07	8.500000e-01	0.000000e+00	8.500000e-01	0.000000e+00	8.173095e-05
1.991881e-07	8.500000e-01	0.000000e+00	8.500000e-01	0.000000e+00	8.274662e-05
2.000000e-07	8.500000e-01	0.000000e+00	8.500000e-01	0.000000e+00	8.208111e-05
2.000500e-07	8.500000e-01	8.500000e-02	8.500000e-01	0.000000e+00	9.265054e-05
2.001500e-07	8.500000e-01	2.550000e-01	8.500000e-01	0.000000e+00	1.100766e-04
2.003500e-07	8.500000e-01	5.950000e-01	8.500000e-01	0.000000e+00	1.633024e-04
2.005000e-07	8.500000e-01	8.500000e-01	8.500000e-01	0.000000e+00	1.743288e-04
2.005400e-07	8.500000e-01	8.500000e-01	8.500000e-01	0.000000e+00	1.185581e-04
2.006200e-07	8.500000e-01	8.500000e-01	8.500000e-01	0.000000e+00	-1.006648e-04
2.007800e-07	8.500000e-01	8.500000e-01	8.500000e-01	0.000000e+00	-1.576790e-03
2.011000e-07	8.500000e-01	8.500000e-01	8.500000e-01	0.000000e+00	1.139514e-02
2.017400e-07	8.500000e-01	8.500000e-01	8.500000e-01	0.000000e+00	5.947348e-01
2.026283e-07	8.500000e-01	8.500000e-01	8.500000e-01	0.000000e+00	9.347044e-01
2.038924e-07	8.500000e-01	8.500000e-01	8.500000e-01	0.000000e+00	7.887093e-01
2.055000e-07	8.500000e-01	8.500000e-01	8.500000e-01	0.000000e+00	8.909532e-01
2.055500e-07	7.650000e-01	8.500000e-01	7.650000e-01	0.000000e+00	8.769963e-01
2.056500e-07	5.950000e-01	8.500000e-01	5.950000e-01	0.000000e+00	8.528042e-01
2.058500e-07	2.550000e-01	8.500000e-01	2.550000e-01	0.000000e+00	8.055611e-01
2.060000e-07	0.000000e+00	8.500000e-01	0.000000e+00	0.000000e+00	7.783834e-01
2.060400e-07	0.000000e+00	8.500000e-01	0.000000e+00	0.000000e+00	7.815669e-01
2.061200e-07	0.000000e+00	8.500000e-01	0.000000e+00	0.000000e+00	7.901102e-01
2.062800e-07	0.000000e+00	8.500000e-01	0.000000e+00	0.000000e+00	8.095200e-01
2.066000e-07	0.000000e+00	8.500000e-01	0.000000e+00	0.000000e+00	8.334830e-01
2.071936e-07	0.000000e+00	8.500000e-01	0.000000e+00	0.000000e+00	8.478562e-01
2.080976e-07	0.000000e+00	8.500000e-01	0.000000e+00	0.000000e+00	8.501867e-01
2.099058e-07	0.000000e+00	8.500000e-01	0.000000e+00	0.000000e+00	8.497677e-01
2.105000e-07	0.000000e+00	8.500000e-01	0.000000e+00	0.000000e+00	8.499121e-01
2.105500e-07	0.000000e+00	7.650000e-01	0.000000e+00	0.000000e+00	8.498799e-01
2.106500e-07	0.000000e+00	5.950000e-01	0.000000e+00	0.000000e+00	8.498262e-01
2.108500e-07	0.000000e+00	2.550000e-01	0.000000e+00	0.000000e+00	8.498029e-01
2.110000e-07	0.000000e+00	0.000000e+00	0.000000e+00	0.000000e+00	8.498118e-01
2.110400e-07	0.000000e+00	0.000000e+00	0.000000e+00	0.000000e+00	8.498106e-01
2.111200e-07	0.000000e+00	0.000000e+00	0.000000e+00	0.000000e+00	8.497765e-01
2.112800e-07	0.000000e+00	0.000000e+00	0.000000e+00	0.000000e+00	8.497031e-01
2.116000e-07	0.000000e+00	0.000000e+00	0.000000e+00	0.000000e+00	8.497351e-01
2.122400e-07	0.000000e+00	0.000000e+00	0.000000e+00	0.000000e+00	8.498094e-01
2.131061e-07	0.000000e+00	0.000000e+00	0.000000e+00	0.000000e+00	8.498847e-01
2.148382e-07	0.000000e+00	0.000000e+00	0.000000e+00	0.000000e+00	8.499015e-01
2.183025e-07	0.000000e+00	0.000000e+00	0.000000e+00	0.000000e+00	8.498959e-01
2.200000e-07	0.000000e+00	0.000000e+00	0.000000e+00	0.000000e+00	8.498971e-01
2.200500e-07	0.000000e+00	8.500000e-02	0.000000e+00	0.000000e+00	8.499063e-01
2.201500e-07	0.000000e+00	2.550000e-01	0.000000e+00	0.000000e+00	8.499007e-01
2.203500e-07	0.000000e+00	5.950000e-01	0.000000e+00	0.000000e+00	8.498590e-01
2.205000e-07	0.000000e+00	8.500000e-01	0.000000e+00	0.000000e+00	8.498185e-01
2.205400e-07	0.000000e+00	8.500000e-01	0.000000e+00	0.000000e+00	8.498115e-01
2.206200e-07	0.000000e+00	8.500000e-01	0.000000e+00	0.000000e+00	8.498201e-01
2.207800e-07	0.000000e+00	8.500000e-01	0.000000e+00	0.000000e+00	8.498598e-01
2.211000e-07	0.000000e+00	8.500000e-01	0.000000e+00	0.000000e+00	8.498677e-01
2.217400e-07	0.000000e+00	8.500000e-01	0.000000e+00	0.000000e+00	8.498608e-01
2.226503e-07	0.000000e+00	8.500000e-01	0.000000e+00	0.000000e+00	8.498783e-01
2.244709e-07	0.000000e+00	8.500000e-01	0.000000e+00	0.000000e+00	8.498736e-01
2.250000e-07	0.000000e+00	8.500000e-01	0.000000e+00	0.000000e+00	8.498631e-01
2.250500e-07	8.500000e-02	8.500000e-01	0.000000e+00	0.000000e+00	8.498575e-01
2.251500e-07	2.550000e-01	8.500000e-01	0.000000e+00	0.000000e+00	8.498749e-01
2.253500e-07	5.950000e-01	8.500000e-01	0.000000e+00	0.000000e+00	8.499204e-01
2.255000e-07	8.500000e-01	8.500000e-01	0.000000e+00	0.000000e+00	8.499697e-01
2.255400e-07	8.500000e-01	8.500000e-01	0.000000e+00	0.000000e+00	8.499676e-01
2.256200e-07	8.500000e-01	8.500000e-01	0.000000e+00	0.000000e+00	8.499575e-01
2.257800e-07	8.500000e-01	8.500000e-01	0.000000e+00	0.000000e+00	8.499550e-01
2.261000e-07	8.500000e-01	8.500000e-01	0.000000e+00	0.000000e+00	8.499546e-01
2.267400e-07	8.500000e-01	8.500000e-01	0.000000e+00	0.000000e+00	8.499536e-01
2.280200e-07	8.500000e-01	8.500000e-01	0.000000e+00	0.000000e+00	8.499532e-01
2.305000e-07	8.500000e-01	8.500000e-01	0.000000e+00	0.000000e+00	8.499525e-01
2.305500e-07	8.500000e-01	7.650000e-01	0.000000e+00	0.000000e+00	8.499449e-01
2.306500e-07	8.500000e-01	5.950000e-01	0.000000e+00	0.000000e+00	8.499340e-01
2.308500e-07	8.500000e-01	2.550000e-01	0.000000e+00	0.000000e+00	8.499556e-01
2.310000e-07	8.500000e-01	0.000000e+00	0.000000e+00	0.000000e+00	8.499772e-01
2.310400e-07	8.500000e-01	0.000000e+00	0.000000e+00	0.000000e+00	8.499875e-01
2.311200e-07	8.500000e-01	0.000000e+00	0.000000e+00	0.000000e+00	8.499798e-01
2.312800e-07	8.500000e-01	0.000000e+00	0.000000e+00	0.000000e+00	8.499392e-01
2.316000e-07	8.500000e-01	0.000000e+00	0.000000e+00	0.000000e+00	8.499451e-01
2.322400e-07	8.500000e-01	0.000000e+00	0.000000e+00	0.000000e+00	8.499582e-01
2.331061e-07	8.500000e-01	0.000000e+00	0.000000e+00	0.000000e+00	8.499515e-01
2.348382e-07	8.500000e-01	0.000000e+00	0.000000e+00	0.000000e+00	8.499556e-01
2.383025e-07	8.500000e-01	0.000000e+00	0.000000e+00	0.000000e+00	8.499511e-01
2.400000e-07	8.500000e-01	0.000000e+00	0.000000e+00	0.000000e+00	8.499544e-01
2.400500e-07	8.500000e-01	8.500000e-02	0.000000e+00	0.000000e+00	8.499715e-01
2.401500e-07	8.500000e-01	2.550000e-01	0.000000e+00	0.000000e+00	8.499786e-01
2.403500e-07	8.500000e-01	5.950000e-01	0.000000e+00	0.000000e+00	8.499476e-01
2.405000e-07	8.500000e-01	8.500000e-01	0.000000e+00	0.000000e+00	8.499098e-01
2.405400e-07	8.500000e-01	8.500000e-01	0.000000e+00	0.000000e+00	8.499054e-01
2.406200e-07	8.500000e-01	8.500000e-01	0.000000e+00	0.000000e+00	8.499195e-01
2.407800e-07	8.500000e-01	8.500000e-01	0.000000e+00	0.000000e+00	8.499669e-01
2.411000e-07	8.500000e-01	8.500000e-01	0.000000e+00	0.000000e+00	8.499674e-01
2.417400e-07	8.500000e-01	8.500000e-01	0.000000e+00	0.000000e+00	8.499458e-01
2.426503e-07	8.500000e-01	8.500000e-01	0.000000e+00	0.000000e+00	8.499568e-01
2.444709e-07	8.500000e-01	8.500000e-01	0.000000e+00	0.000000e+00	8.499497e-01
2.450000e-07	8.500000e-01	8.500000e-01	0.000000e+00	2.249931e-14	8.499548e-01
2.450500e-07	8.500000e-01	8.500000e-01	0.000000e+00	8.500000e-02	8.499587e-01
2.451500e-07	8.500000e-01	8.500000e-01	0.000000e+00	2.550000e-01	8.499591e-01
2.453500e-07	8.500000e-01	8.500000e-01	0.000000e+00	5.950000e-01	8.498546e-01
2.455000e-07	8.500000e-01	8.500000e-01	0.000000e+00	8.500000e-01	8.502803e-01
2.455400e-07	7.820000e-01	8.500000e-01	0.000000e+00	8.500000e-01	8.508382e-01
2.456200e-07	6.460000e-01	8.500000e-01	0.000000e+00	8.500000e-01	8.528217e-01
2.457800e-07	3.740000e-01	8.500000e-01	0.000000e+00	8.500000e-01	8.591856e-01
2.460000e-07	0.000000e+00	8.500000e-01	0.000000e+00	8.500000e-01	8.632121e-01
2.460320e-07	0.000000e+00	8.500000e-01	0.000000e+00	8.500000e-01	8.628711e-01
2.460960e-07	0.000000e+00	8.500000e-01	0.000000e+00	8.500000e-01	8.619295e-01
2.462240e-07	0.000000e+00	8.500000e-01	0.000000e+00	8.500000e-01	8.593840e-01
2.464800e-07	0.000000e+00	8.500000e-01	0.000000e+00	8.500000e-01	8.549854e-01
2.465440e-07	0.000000e+00	8.500000e-01	0.000000e+00	8.500000e-01	8.542605e-01
2.466720e-07	0.000000e+00	8.500000e-01	0.000000e+00	8.500000e-01	8.530235e-01
2.469280e-07	0.000000e+00	8.500000e-01	0.000000e+00	8.500000e-01	8.514175e-01
2.474400e-07	0.000000e+00	8.500000e-01	0.000000e+00	8.500000e-01	8.502974e-01
2.484640e-07	0.000000e+00	8.500000e-01	0.000000e+00	8.500000e-01	8.499571e-01
2.505000e-07	0.000000e+00	8.500000e-01	0.000000e+00	8.500000e-01	8.499678e-01
2.505500e-07	0.000000e+00	7.650000e-01	0.000000e+00	8.500000e-01	8.499536e-01
2.506500e-07	0.000000e+00	5.950000e-01	0.000000e+00	8.500000e-01	8.499352e-01
2.508500e-07	0.000000e+00	2.550000e-01	0.000000e+00	8.500000e-01	8.499529e-01
2.510000e-07	0.000000e+00	3.463896e-14	0.000000e+00	8.500000e-01	8.499729e-01
2.510400e-07	0.000000e+00	0.000000e+00	0.000000e+00	8.500000e-01	8.499810e-01
2.511200e-07	0.000000e+00	0.000000e+00	0.000000e+00	8.500000e-01	8.499689e-01
2.512800e-07	0.000000e+00	0.000000e+00	0.000000e+00	8.500000e-01	8.499284e-01
2.516000e-07	0.000000e+00	0.000000e+00	0.000000e+00	8.500000e-01	8.499304e-01
2.522400e-07	0.000000e+00	0.000000e+00	0.000000e+00	8.500000e-01	8.499360e-01
2.530832e-07	0.000000e+00	0.000000e+00	0.000000e+00	8.500000e-01	8.499233e-01
2.543685e-07	0.000000e+00	0.000000e+00	0.000000e+00	8.500000e-01	8.499190e-01
2.563836e-07	0.000000e+00	0.000000e+00	0.000000e+00	8.500000e-01	8.499102e-01
2.584864e-07	0.000000e+00	0.000000e+00	0.000000e+00	8.500000e-01	8.499073e-01
2.600000e-07	0.000000e+00	8.999725e-14	0.000000e+00	8.500000e-01	8.499029e-01
2.600500e-07	0.000000e+00	8.500000e-02	0.000000e+00	8.500000e-01	8.499182e-01
2.601500e-07	0.000000e+00	2.550000e-01	0.000000e+00	8.500000e-01	8.499154e-01
2.603500e-07	0.000000e+00	5.950000e-01	0.000000e+00	8.500000e-01	8.498089e-01
2.605000e-07	0.000000e+00	8.500000e-01	0.000000e+00	8.500000e-01	8.497398e-01
2.605400e-07	0.000000e+00	8.500000e-01	0.000000e+00	8.500000e-01	8.498414e-01
2.606200e-07	0.000000e+00	8.500000e-01	0.000000e+00	8.500000e-01	8.503132e-01
2.607800e-07	0.000000e+00	8.500000e-01	0.000000e+00	8.500000e-01	8.522927e-01
2.611000e-07	0.000000e+00	8.500000e-01	0.000000e+00	8.500000e-01	8.250066e-01
2.617400e-07	0.000000e+00	8.500000e-01	0.000000e+00	8.500000e-01	3.871425e-01
2.626629e-07	0.000000e+00	8.500000e-01	0.000000e+00	8.500000e-01	9.640198e-03
2.639274e-07	0.000000e+00	8.500000e-01	0.000000e+00	8.500000e-01	9.453694e-03
2.650000e-07	0.000000e+00	8.500000e-01	0.000000e+00	8.500000e-01	-1.186604e-02
2.650500e-07	8.500000e-02	8.500000e-01	8.500000e-02	8.500000e-01	-4.399498e-03
2.651500e-07	2.550000e-01	8.500000e-01	2.550000e-01	8.500000e-01	5.139211e-03
2.653500e-07	5.950000e-01	8.500000e-01	5.950000e-01	8.500000e-01	1.945415e-02
2.655000e-07	8.500000e-01	8.500000e-01	8.500000e-01	8.500000e-01	2.440955e-02
2.655400e-07	8.500000e-01	8.500000e-01	8.500000e-01	8.500000e-01	1.798771e-02
2.656200e-07	8.500000e-01	8.500000e-01	8.500000e-01	8.500000e-01	7.550959e-03
2.657800e-07	8.500000e-01	8.500000e-01	8.500000e-01	8.500000e-01	-1.774516e-04
2.661000e-07	8.500000e-01	8.500000e-01	8.500000e-01	8.500000e-01	-9.934622e-05
2.667400e-07	8.500000e-01	8.500000e-01	8.500000e-01	8.500000e-01	1.456175e-04
2.676447e-07	8.500000e-01	8.500000e-01	8.500000e-01	8.500000e-01	4.603034e-05
2.692973e-07	8.500000e-01	8.500000e-01	8.500000e-01	8.500000e-01	1.073262e-04
2.705000e-07	8.500000e-01	8.500000e-01	8.500000e-01	8.500000e-01	6.429220e-05
2.705500e-07	8.500000e-01	7.650000e-01	8.500000e-01	8.500000e-01	5.844185e-05
2.706500e-07	8.500000e-01	5.950000e-01	8.500000e-01	8.500000e-01	5.901196e-05
2.708500e-07	8.500000e-01	2.550000e-01	8.500000e-01	8.500000e-01	8.394123e-05
2.710000e-07	8.500000e-01	3.463896e-14	8.500000e-01	8.500000e-01	1.250520e-04
2.710400e-07	8.500000e-01	0.000000e+00	8.500000e-01	8.500000e-01	1.304435e-04
2.711200e-07	8.500000e-01	0.000000e+00	8.500000e-01	8.500000e-01	1.165047e-04
2.712800e-07	8.500000e-01	0.000000e+00	8.500000e-01	8.500000e-01	6.332865e-05
2.716000e-07	8.500000e-01	0.000000e+00	8.500000e-01	8.500000e-01	6.196603e-05
2.722400e-07	8.500000e-01	0.000000e+00	8.500000e-01	8.500000e-01	9.835427e-05
2.731061e-07	8.500000e-01	0.000000e+00	8.500000e-01	8.500000e-01	7.430198e-05
2.748384e-07	8.500000e-01	0.000000e+00	8.500000e-01	8.500000e-01	8.847965e-05
2.783028e-07	8.500000e-01	0.000000e+00	8.500000e-01	8.500000e-01	7.731802e-05
2.800000e-07	8.500000e-01	0.000000e+00	8.500000e-01	8.500000e-01	8.618102e-05
2.800500e-07	8.500000e-01	8.500000e-02	8.500000e-01	8.500000e-01	9.139997e-05
2.801500e-07	8.500000e-01	2.550000e-01	8.500000e-01	8.500000e-01	9.747949e-05
2.803500e-07	8.500000e-01	5.950000e-01	8.500000e-01	8.500000e-01	7.367869e-05
2.805000e-07	8.500000e-01	8.500000e-01	8.500000e-01	8.500000e-01	5.054912e-05
2.805400e-07	8.500000e-01	8.500000e-01	8.500000e-01	8.500000e-01	4.557708e-05
2.806200e-07	8.500000e-01	8.500000e-01	8.500000e-01	8.500000e-01	6.093005e-05
2.807800e-07	8.500000e-01	8.500000e-01	8.500000e-01	8.500000e-01	1.085532e-04
2.811000e-07	8.500000e-01	8.500000e-01	8.500000e-01	8.500000e-01	8.944165e-05
2.817400e-07	8.500000e-01	8.500000e-01	8.500000e-01	8.500000e-01	7.361487e-05
2.826503e-07	8.500000e-01	8.500000e-01	8.500000e-01	8.500000e-01	8.963020e-05
2.844708e-07	8.500000e-01	8.500000e-01	8.500000e-01	8.500000e-01	7.625120e-05
2.855000e-07	8.500000e-01	8.500000e-01	8.500000e-01	8.500000e-01	8.728961e-05
2.855500e-07	7.650000e-01	8.500000e-01	8.500000e-01	8.500000e-01	-1.095341e-05
2.856500e-07	5.950000e-01	8.500000e-01	8.500000e-01	8.500000e-01	-1.023865e-04
2.858500e-07	2.550000e-01	8.500000e-01	8.500000e-01	8.500000e-01	-4.430802e-05
2.860000e-07	2.053913e-14	8.500000e-01	8.500000e-01	8.500000e-01	-2.212176e-05
2.860400e-07	0.000000e+00	8.500000e-01	8.500000e-01	8.500000e-01	8.718876e-06
2.861200e-07	0.000000e+00	8.500000e-01	8.500000e-01	8.500000e-01	8.597898e-05
2.862800e-07	0.000000e+00	8.500000e-01	8.500000e-01	8.500000e-01	1.370149e-04
2.866000e-07	0.000000e+00	8.500000e-01	8.500000e-01	8.500000e-01	-4.418875e-06
2.872400e-07	0.000000e+00	8.500000e-01	8.500000e-01	8.500000e-01	1.887277e-05
2.885200e-07	0.000000e+00	8.500000e-01	8.500000e-01	8.500000e-01	1.505464e-05
2.905000e-07	0.000000e+00	8.500000e-01	8.500000e-01	8.500000e-01	1.513561e-05
2.905500e-07	0.000000e+00	7.650000e-01	8.500000e-01	8.500000e-01	4.048605e-06
2.906500e-07	0.000000e+00	5.950000e-01	8.500000e-01	8.500000e-01	-2.443597e-06
2.908500e-07	0.000000e+00	2.550000e-01	8.500000e-01	8.500000e-01	1.876100e-05
2.910000e-07	0.000000e+00	3.463896e-14	8.500000e-01	8.500000e-01	5.875088e-05
2.910400e-07	0.000000e+00	0.000000e+00	8.500000e-01	8.500000e-01	6.445892e-05
2.911200e-07	0.000000e+00	0.000000e+00	8.500000e-01	8.500000e-01	5.243590e-05
2.912800e-07	0.000000e+00	0.000000e+00	8.500000e-01	8.500000e-01	-2.303132e-06
2.916000e-07	0.000000e+00	0.000000e+00	8.500000e-01	8.500000e-01	-5.023796e-06
2.922400e-07	0.000000e+00	0.000000e+00	8.500000e-01	8.500000e-01	3.024666e-05
2.931061e-07	0.000000e+00	0.000000e+00	8.500000e-01	8.500000e-01	9.511409e-06
2.948383e-07	0.000000e+00	0.000000e+00	8.500000e-01	8.500000e-01	2.000715e-05
2.955000e-07	0.000000e+00	0.000000e+00	8.500000e-01	8.500000e-01	1.449378e-05
2.955500e-07	0.000000e+00	0.000000e+00	8.500000e-01	7.650000e-01	1.383804e-05
2.956500e-07	0.000000e+00	0.000000e+00	8.500000e-01	5.950000e-01	1.403687e-05
2.958500e-07	0.000000e+00	0.000000e+00	8.500000e-01	2.550000e-01	1.659294e-05
2.960000e-07	0.000000e+00	0.000000e+00	8.500000e-01	3.741452e-14	-3.508028e-06
2.960400e-07	0.000000e+00	0.000000e+00	8.500000e-01	0.000000e+00	-1.667316e-05
2.961200e-07	0.000000e+00	0.000000e+00	8.500000e-01	0.000000e+00	-3.691151e-05
2.962800e-07	0.000000e+00	0.000000e+00	8.500000e-01	0.000000e+00	-5.986968e-07
2.966000e-07	0.000000e+00	0.000000e+00	8.500000e-01	0.000000e+00	5.223258e-05
2.972400e-07	0.000000e+00	0.000000e+00	8.500000e-01	0.000000e+00	-2.384296e-06
2.979422e-07	0.000000e+00	0.000000e+00	8.500000e-01	0.000000e+00	2.345140e-05
2.993466e-07	0.000000e+00	0.000000e+00	8.500000e-01	0.000000e+00	1.197105e-05
3.000000e-07	0.000000e+00	8.999725e-14	8.500000e-01	0.000000e+00	1.520222e-05
