time (time)	v(d) (voltage)	v(clk) (voltage)	v(s) (voltage)	v(r) (voltage)	v(q) (voltage)
0.000000e+00	0.000000e+00	0.000000e+00	0.000000e+00	0.000000e+00	8.499589e-01
1.000000e-12	0.000000e+00	1.700000e-03	0.000000e+00	0.000000e+00	8.499710e-01
2.000000e-12	0.000000e+00	3.400000e-03	0.000000e+00	0.000000e+00	8.499810e-01
4.000000e-12	0.000000e+00	6.800000e-03	0.000000e+00	0.000000e+00	8.499968e-01
8.000000e-12	0.000000e+00	1.360000e-02	0.000000e+00	0.000000e+00	8.500156e-01
1.600000e-11	0.000000e+00	2.720000e-02	0.000000e+00	0.000000e+00	8.500418e-01
3.200000e-11	0.000000e+00	5.440000e-02	0.000000e+00	0.000000e+00	8.500821e-01
6.400000e-11	0.000000e+00	1.088000e-01	0.000000e+00	0.000000e+00	8.501379e-01
1.280000e-10	0.000000e+00	2.176000e-01	0.000000e+00	0.000000e+00	8.501925e-01
2.560000e-10	0.000000e+00	4.352000e-01	0.000000e+00	0.000000e+00	8.502063e-01
5.000000e-10	0.000000e+00	8.500000e-01	0.000000e+00	0.000000e+00	8.501303e-01
5.256000e-10	0.000000e+00	8.500000e-01	0.000000e+00	0.000000e+00	8.501296e-01
5.768000e-10	0.000000e+00	8.500000e-01	0.000000e+00	0.000000e+00	8.501469e-01
6.792000e-10	0.000000e+00	8.500000e-01	0.000000e+00	0.000000e+00	8.502020e-01
8.840000e-10	0.000000e+00	8.500000e-01	0.000000e+00	0.000000e+00	8.502111e-01
1.293600e-09	0.000000e+00	8.500000e-01	0.000000e+00	0.000000e+00	8.501210e-01
1.973287e-09	0.000000e+00	8.500000e-01	0.000000e+00	0.000000e+00	8.500609e-01
3.332662e-09	0.000000e+00	8.500000e-01	0.000000e+00	0.000000e+00	8.500107e-01
6.051412e-09	0.000000e+00	8.500000e-01	0.000000e+00	0.000000e+00	8.499855e-01
1.050000e-08	0.000000e+00	8.500000e-01	0.000000e+00	0.000000e+00	8.499736e-01
1.055000e-08	0.000000e+00	7.650000e-01	0.000000e+00	0.000000e+00	8.499927e-01
1.065000e-08	0.000000e+00	5.950000e-01	0.000000e+00	0.000000e+00	8.500391e-01
1.085000e-08	0.000000e+00	2.550000e-01	0.000000e+00	0.000000e+00	8.501254e-01
1.100000e-08	0.000000e+00	0.000000e+00	0.000000e+00	0.000000e+00	8.501616e-01
1.104000e-08	0.000000e+00	0.000000e+00	0.000000e+00	0.000000e+00	8.501813e-01
1.112000e-08	0.000000e+00	0.000000e+00	0.000000e+00	0.000000e+00	8.501994e-01
1.128000e-08	0.000000e+00	0.000000e+00	0.000000e+00	0.000000e+00	8.501805e-01
1.160000e-08	0.000000e+00	0.000000e+00	0.000000e+00	0.000000e+00	8.501318e-01
1.224000e-08	0.000000e+00	0.000000e+00	0.000000e+00	0.000000e+00	8.500776e-01
1.352000e-08	0.000000e+00	0.000000e+00	0.000000e+00	0.000000e+00	8.500111e-01
1.504406e-08	0.000000e+00	0.000000e+00	0.000000e+00	0.000000e+00	8.500022e-01
1.809217e-08	0.000000e+00	0.000000e+00	0.000000e+00	0.000000e+00	8.499830e-01
2.000000e-08	0.000000e+00	0.000000e+00	0.000000e+00	0.000000e+00	8.499883e-01
2.005000e-08	0.000000e+00	8.500000e-02	0.000000e+00	0.000000e+00	8.500284e-01
2.015000e-08	0.000000e+00	2.550000e-01	0.000000e+00	0.000000e+00	8.500882e-01
2.035000e-08	0.000000e+00	5.950000e-01	0.000000e+00	0.000000e+00	8.501250e-01
2.050000e-08	0.000000e+00	8.500000e-01	0.000000e+00	0.000000e+00	8.500926e-01
2.054000e-08	0.000000e+00	8.500000e-01	0.000000e+00	0.000000e+00	8.501049e-01
2.062000e-08	0.000000e+00	8.500000e-01	0.000000e+00	0.000000e+00	8.501455e-01
2.078000e-08	0.000000e+00	8.500000e-01	0.000000e+00	0.000000e+00	8.502015e-01
2.110000e-08	0.000000e+00	8.500000e-01	0.000000e+00	0.000000e+00	8.501562e-01
2.165663e-08	0.000000e+00	8.500000e-01	0.000000e+00	0.000000e+00	8.500781e-01
2.276990e-08	0.000000e+00	8.500000e-01	0.000000e+00	0.000000e+00	8.500270e-01
2.499643e-08	0.000000e+00	8.500000e-01	0.000000e+00	0.000000e+00	8.499871e-01
2.500000e-08	0.000000e+00	8.500000e-01	0.000000e+00	0.000000e+00	8.499985e-01
2.500714e-08	1.213458e-02	8.500000e-01	1.213458e-02	0.000000e+00	8.506773e-01
2.502141e-08	3.640373e-02	8.500000e-01	3.640373e-02	0.000000e+00	8.519810e-01
2.504997e-08	8.494203e-02	8.500000e-01	8.494203e-02	0.000000e+00	8.543921e-01
2.510707e-08	1.820186e-01	8.500000e-01	1.820186e-01	0.000000e+00	8.585356e-01
2.522128e-08	3.761718e-01	8.500000e-01	3.761718e-01	0.000000e+00	8.644442e-01
2.544969e-08	7.644783e-01	8.500000e-01	7.644783e-01	0.000000e+00	8.632556e-01
2.550000e-08	8.500000e-01	8.500000e-01	8.500000e-01	0.000000e+00	8.602687e-01
2.554568e-08	8.500000e-01	8.500000e-01	8.500000e-01	0.000000e+00	8.577371e-01
2.563705e-08	8.500000e-01	8.500000e-01	8.500000e-01	0.000000e+00	8.541563e-01
2.581978e-08	8.500000e-01	8.500000e-01	8.500000e-01	0.000000e+00	8.513999e-01
2.618525e-08	8.500000e-01	8.500000e-01	8.500000e-01	0.000000e+00	8.500766e-01
2.682137e-08	8.500000e-01	8.500000e-01	8.500000e-01	0.000000e+00	8.499494e-01
2.809362e-08	8.500000e-01	8.500000e-01	8.500000e-01	0.000000e+00	8.500024e-01
3.050000e-08	8.500000e-01	8.500000e-01	8.500000e-01	0.000000e+00	8.499609e-01
3.055000e-08	8.500000e-01	7.650000e-01	8.500000e-01	0.000000e+00	8.499612e-01
3.065000e-08	8.500000e-01	5.950000e-01	8.500000e-01	0.000000e+00	8.499555e-01
3.085000e-08	8.500000e-01	2.550000e-01	8.500000e-01	0.000000e+00	8.499700e-01
3.100000e-08	8.500000e-01	0.000000e+00	8.500000e-01	0.000000e+00	8.500011e-01
3.104000e-08	8.500000e-01	0.000000e+00	8.500000e-01	0.000000e+00	8.500193e-01
3.112000e-08	8.500000e-01	0.000000e+00	8.500000e-01	0.000000e+00	8.500259e-01
3.128000e-08	8.500000e-01	0.000000e+00	8.500000e-01	0.000000e+00	8.499870e-01
3.160000e-08	8.500000e-01	0.000000e+00	8.500000e-01	0.000000e+00	8.499563e-01
3.224000e-08	8.500000e-01	0.000000e+00	8.500000e-01	0.000000e+00	8.499873e-01
3.352000e-08	8.500000e-01	0.000000e+00	8.500000e-01	0.000000e+00	8.499763e-01
3.504391e-08	8.500000e-01	0.000000e+00	8.500000e-01	0.000000e+00	8.499820e-01
3.809174e-08	8.500000e-01	0.000000e+00	8.500000e-01	0.000000e+00	8.499781e-01
4.000000e-08	8.500000e-01	0.000000e+00	8.500000e-01	0.000000e+00	8.499812e-01
4.005000e-08	8.500000e-01	8.500000e-02	8.500000e-01	0.000000e+00	8.500022e-01
4.015000e-08	8.500000e-01	2.550000e-01	8.500000e-01	0.000000e+00	8.500140e-01
4.035000e-08	8.500000e-01	5.950000e-01	8.500000e-01	0.000000e+00	8.499734e-01
4.050000e-08	8.500000e-01	8.500000e-01	8.500000e-01	0.000000e+00	8.499149e-01
4.054000e-08	8.500000e-01	8.500000e-01	8.500000e-01	0.000000e+00	8.499188e-01
4.062000e-08	8.500000e-01	8.500000e-01	8.500000e-01	0.000000e+00	8.499459e-01
4.078000e-08	8.500000e-01	8.500000e-01	8.500000e-01	0.000000e+00	8.500002e-01
4.110000e-08	8.500000e-01	8.500000e-01	8.500000e-01	0.000000e+00	8.499925e-01
4.165663e-08	8.500000e-01	8.500000e-01	8.500000e-01	0.000000e+00	8.499736e-01
4.276990e-08	8.500000e-01	8.500000e-01	8.500000e-01	0.000000e+00	8.499836e-01
4.499643e-08	8.500000e-01	8.500000e-01	8.500000e-01	0.000000e+00	8.499765e-01
4.550000e-08	8.500000e-01	8.500000e-01	8.500000e-01	0.000000e+00	8.499818e-01
4.555000e-08	7.650000e-01	8.500000e-01	8.500000e-01	0.000000e+00	8.499342e-01
4.565000e-08	5.950000e-01	8.500000e-01	8.500000e-01	0.000000e+00	8.499100e-01
4.585000e-08	2.550000e-01	8.500000e-01	8.500000e-01	0.000000e+00	8.499356e-01
4.600000e-08	3.663736e-15	8.500000e-01	8.500000e-01	0.000000e+00	8.499179e-01
4.604000e-08	0.000000e+00	8.500000e-01	8.500000e-01	0.000000e+00	8.499448e-01
4.612000e-08	0.000000e+00	8.500000e-01	8.500000e-01	0.000000e+00	8.500188e-01
4.628000e-08	0.000000e+00	8.500000e-01	8.500000e-01	0.000000e+00	8.500204e-01
4.660000e-08	0.000000e+00	8.500000e-01	8.500000e-01	0.000000e+00	8.499717e-01
4.724000e-08	0.000000e+00	8.500000e-01	8.500000e-01	0.000000e+00	8.499640e-01
4.792119e-08	0.000000e+00	8.500000e-01	8.500000e-01	0.000000e+00	8.499651e-01
4.928356e-08	0.000000e+00	8.500000e-01	8.500000e-01	0.000000e+00	8.499558e-01
5.050000e-08	0.000000e+00	8.500000e-01	8.500000e-01	0.000000e+00	8.499602e-01
5.055000e-08	0.000000e+00	7.650000e-01	8.500000e-01	0.000000e+00	8.499529e-01
5.065000e-08	0.000000e+00	5.950000e-01	8.500000e-01	0.000000e+00	8.499393e-01
5.085000e-08	0.000000e+00	2.550000e-01	8.500000e-01	0.000000e+00	8.499498e-01
5.100000e-08	0.000000e+00	1.221245e-14	8.500000e-01	0.000000e+00	8.499830e-01
5.104000e-08	0.000000e+00	0.000000e+00	8.500000e-01	0.000000e+00	8.499997e-01
5.112000e-08	0.000000e+00	0.000000e+00	8.500000e-01	0.000000e+00	8.500066e-01
5.128000e-08	0.000000e+00	0.000000e+00	8.500000e-01	0.000000e+00	8.499630e-01
5.160000e-08	0.000000e+00	0.000000e+00	8.500000e-01	0.000000e+00	8.499363e-01
5.224000e-08	0.000000e+00	0.000000e+00	8.500000e-01	0.000000e+00	8.499666e-01
5.347287e-08	0.000000e+00	0.000000e+00	8.500000e-01	0.000000e+00	8.499547e-01
5.497157e-08	0.000000e+00	0.000000e+00	8.500000e-01	0.000000e+00	8.499677e-01
5.759876e-08	0.000000e+00	0.000000e+00	8.500000e-01	0.000000e+00	8.499531e-01
6.000000e-08	0.000000e+00	0.000000e+00	8.500000e-01	0.000000e+00	8.499632e-01
6.005000e-08	0.000000e+00	8.500000e-02	8.500000e-01	0.000000e+00	8.499838e-01
6.015000e-08	0.000000e+00	2.550000e-01	8.500000e-01	0.000000e+00	8.499858e-01
6.035000e-08	0.000000e+00	5.950000e-01	8.500000e-01	0.000000e+00	8.497985e-01
6.050000e-08	0.000000e+00	8.500000e-01	8.500000e-01	0.000000e+00	8.496530e-01
6.054000e-08	0.000000e+00	8.500000e-01	8.500000e-01	0.000000e+00	8.498150e-01
6.062000e-08	0.000000e+00	8.500000e-01	8.500000e-01	0.000000e+00	8.506253e-01
6.078000e-08	0.000000e+00	8.500000e-01	8.500000e-01	0.000000e+00	8.546059e-01
6.110000e-08	0.000000e+00	8.500000e-01	8.500000e-01	0.000000e+00	7.915381e-01
6.166274e-08	0.000000e+00	8.500000e-01	8.500000e-01	0.000000e+00	1.644361e-01
6.278822e-08	0.000000e+00	8.500000e-01	8.500000e-01	0.000000e+00	-8.640375e-02
6.385023e-08	0.000000e+00	8.500000e-01	8.500000e-01	0.000000e+00	7.121030e-02
6.500000e-08	0.000000e+00	8.500000e-01	8.500000e-01	0.000000e+00	-4.827954e-02
6.505000e-08	8.500000e-02	8.500000e-01	8.500000e-01	0.000000e+00	-2.952673e-02
6.515000e-08	2.550000e-01	8.500000e-01	8.500000e-01	0.000000e+00	-6.577069e-03
6.535000e-08	5.950000e-01	8.500000e-01	8.500000e-01	0.000000e+00	7.912159e-04
6.550000e-08	8.500000e-01	8.500000e-01	8.500000e-01	0.000000e+00	1.392001e-05
6.554000e-08	8.500000e-01	8.500000e-01	8.500000e-01	0.000000e+00	-4.517488e-05
6.562000e-08	8.500000e-01	8.500000e-01	8.500000e-01	0.000000e+00	-6.872150e-05
6.578000e-08	8.500000e-01	8.500000e-01	8.500000e-01	0.000000e+00	-4.292051e-06
6.610000e-08	8.500000e-01	8.500000e-01	8.500000e-01	0.000000e+00	7.445799e-06
6.674000e-08	8.500000e-01	8.500000e-01	8.500000e-01	0.000000e+00	4.407013e-06
6.776690e-08	8.500000e-01	8.500000e-01	8.500000e-01	0.000000e+00	1.264447e-05
6.890437e-08	8.500000e-01	8.500000e-01	8.500000e-01	0.000000e+00	5.909508e-06
7.050000e-08	8.500000e-01	8.500000e-01	8.500000e-01	0.000000e+00	1.171845e-05
7.055000e-08	8.500000e-01	7.650000e-01	8.500000e-01	0.000000e+00	-1.650720e-06
7.065000e-08	8.500000e-01	5.950000e-01	8.500000e-01	0.000000e+00	-8.733072e-06
7.085000e-08	8.500000e-01	2.550000e-01	8.500000e-01	0.000000e+00	6.642386e-06
7.100000e-08	8.500000e-01	1.221245e-14	8.500000e-01	0.000000e+00	2.862586e-05
7.104000e-08	8.500000e-01	0.000000e+00	8.500000e-01	0.000000e+00	4.236617e-05
7.112000e-08	8.500000e-01	0.000000e+00	8.500000e-01	0.000000e+00	5.294037e-05
7.128000e-08	8.500000e-01	0.000000e+00	8.500000e-01	0.000000e+00	1.944248e-05
7.160000e-08	8.500000e-01	0.000000e+00	8.500000e-01	0.000000e+00	-1.898530e-05
7.224000e-08	8.500000e-01	0.000000e+00	8.500000e-01	0.000000e+00	1.765714e-05
7.352000e-08	8.500000e-01	0.000000e+00	8.500000e-01	0.000000e+00	7.357001e-06
7.481476e-08	8.500000e-01	0.000000e+00	8.500000e-01	0.000000e+00	7.737930e-06
7.740427e-08	8.500000e-01	0.000000e+00	8.500000e-01	0.000000e+00	1.052194e-05
8.000000e-08	8.500000e-01	0.000000e+00	8.500000e-01	0.000000e+00	6.925957e-06
8.005000e-08	8.500000e-01	8.500000e-02	8.500000e-01	0.000000e+00	1.552850e-05
8.015000e-08	8.500000e-01	2.550000e-01	8.500000e-01	0.000000e+00	3.670473e-05
8.035000e-08	8.500000e-01	5.950000e-01	8.500000e-01	0.000000e+00	1.068316e-04
8.050000e-08	8.500000e-01	8.500000e-01	8.500000e-01	0.000000e+00	8.382114e-05
8.054000e-08	8.500000e-01	8.500000e-01	8.500000e-01	0.000000e+00	-7.236557e-05
8.062000e-08	8.500000e-01	8.500000e-01	8.500000e-01	0.000000e+00	-6.385011e-04
8.078000e-08	8.500000e-01	8.500000e-01	8.500000e-01	0.000000e+00	-2.933409e-03
8.110000e-08	8.500000e-01	8.500000e-01	8.500000e-01	0.000000e+00	1.195135e-02
8.164714e-08	8.500000e-01	8.500000e-01	8.500000e-01	0.000000e+00	4.356873e-01
8.273577e-08	8.500000e-01	8.500000e-01	8.500000e-01	0.000000e+00	9.195711e-01
8.404695e-08	8.500000e-01	8.500000e-01	8.500000e-01	0.000000e+00	8.113612e-01
8.550000e-08	8.500000e-01	8.500000e-01	8.500000e-01	0.000000e+00	8.709231e-01
8.555000e-08	7.650000e-01	8.500000e-01	7.650000e-01	0.000000e+00	8.652932e-01
8.565000e-08	5.950000e-01	8.500000e-01	5.950000e-01	0.000000e+00	8.529119e-01
8.585000e-08	2.550000e-01	8.500000e-01	2.550000e-01	0.000000e+00	8.171673e-01
8.600000e-08	2.053913e-14	8.500000e-01	2.620126e-14	0.000000e+00	7.871513e-01
8.604000e-08	0.000000e+00	8.500000e-01	0.000000e+00	0.000000e+00	7.861253e-01
8.612000e-08	0.000000e+00	8.500000e-01	0.000000e+00	0.000000e+00	7.873804e-01
8.628000e-08	0.000000e+00	8.500000e-01	0.000000e+00	0.000000e+00	7.984032e-01
8.660000e-08	0.000000e+00	8.500000e-01	0.000000e+00	0.000000e+00	8.197299e-01
8.724000e-08	0.000000e+00	8.500000e-01	0.000000e+00	0.000000e+00	8.406150e-01
8.824985e-08	0.000000e+00	8.500000e-01	0.000000e+00	0.000000e+00	8.491857e-01
8.997933e-08	0.000000e+00	8.500000e-01	0.000000e+00	0.000000e+00	8.501792e-01
9.050000e-08	0.000000e+00	8.500000e-01	0.000000e+00	0.000000e+00	8.500290e-01
9.055000e-08	0.000000e+00	7.650000e-01	0.000000e+00	0.000000e+00	8.500475e-01
9.065000e-08	0.000000e+00	5.950000e-01	0.000000e+00	0.000000e+00	8.500923e-01
9.085000e-08	0.000000e+00	2.550000e-01	0.000000e+00	0.000000e+00	8.501804e-01
9.100000e-08	0.000000e+00	1.221245e-14	0.000000e+00	0.000000e+00	8.502287e-01
9.104000e-08	0.000000e+00	0.000000e+00	0.000000e+00	0.000000e+00	8.502575e-01
9.112000e-08	0.000000e+00	0.000000e+00	0.000000e+00	0.000000e+00	8.502965e-01
9.128000e-08	0.000000e+00	0.000000e+00	0.000000e+00	0.000000e+00	8.503118e-01
9.160000e-08	0.000000e+00	0.000000e+00	0.000000e+00	0.000000e+00	8.502771e-01
9.224000e-08	0.000000e+00	0.000000e+00	0.000000e+00	0.000000e+00	8.500836e-01
9.352000e-08	0.000000e+00	0.000000e+00	0.000000e+00	0.000000e+00	8.499363e-01
9.504391e-08	0.000000e+00	0.000000e+00	0.000000e+00	0.000000e+00	8.499159e-01
9.809173e-08	0.000000e+00	0.000000e+00	0.000000e+00	0.000000e+00	8.499657e-01
1.000000e-07	0.000000e+00	0.000000e+00	0.000000e+00	0.000000e+00	8.499792e-01
1.000500e-07	0.000000e+00	8.500000e-02	0.000000e+00	0.000000e+00	8.499946e-01
1.001500e-07	0.000000e+00	2.550000e-01	0.000000e+00	0.000000e+00	8.500075e-01
1.003500e-07	0.000000e+00	5.950000e-01	0.000000e+00	0.000000e+00	8.499911e-01
1.005000e-07	0.000000e+00	8.500000e-01	0.000000e+00	0.000000e+00	8.499513e-01
1.005400e-07	0.000000e+00	8.500000e-01	0.000000e+00	0.000000e+00	8.499574e-01
1.006200e-07	0.000000e+00	8.500000e-01	0.000000e+00	0.000000e+00	8.499846e-01
1.007800e-07	0.000000e+00	8.500000e-01	0.000000e+00	0.000000e+00	8.500283e-01
1.011000e-07	0.000000e+00	8.500000e-01	0.000000e+00	0.000000e+00	8.500074e-01
1.016566e-07	0.000000e+00	8.500000e-01	0.000000e+00	0.000000e+00	8.499809e-01
1.027699e-07	0.000000e+00	8.500000e-01	0.000000e+00	0.000000e+00	8.499722e-01
1.049964e-07	0.000000e+00	8.500000e-01	0.000000e+00	0.000000e+00	8.499819e-01
1.050000e-07	0.000000e+00	8.500000e-01	0.000000e+00	0.000000e+00	8.499882e-01
1.050071e-07	1.214185e-02	8.500000e-01	0.000000e+00	0.000000e+00	8.499990e-01
1.050214e-07	3.642555e-02	8.500000e-01	0.000000e+00	0.000000e+00	8.500073e-01
1.050500e-07	8.499295e-02	8.500000e-01	0.000000e+00	0.000000e+00	8.500179e-01
1.051071e-07	1.821277e-01	8.500000e-01	0.000000e+00	0.000000e+00	8.500299e-01
1.052214e-07	3.763973e-01	8.500000e-01	0.000000e+00	0.000000e+00	8.500372e-01
1.054500e-07	7.649365e-01	8.500000e-01	0.000000e+00	0.000000e+00	8.500005e-01
1.055000e-07	8.500000e-01	8.500000e-01	0.000000e+00	0.000000e+00	8.499961e-01
1.055457e-07	8.500000e-01	8.500000e-01	0.000000e+00	0.000000e+00	8.499838e-01
1.056371e-07	8.500000e-01	8.500000e-01	0.000000e+00	0.000000e+00	8.499642e-01
1.058200e-07	8.500000e-01	8.500000e-01	0.000000e+00	0.000000e+00	8.499589e-01
1.061857e-07	8.500000e-01	8.500000e-01	0.000000e+00	0.000000e+00	8.499589e-01
1.069170e-07	8.500000e-01	8.500000e-01	0.000000e+00	0.000000e+00	8.499801e-01
1.083798e-07	8.500000e-01	8.500000e-01	0.000000e+00	0.000000e+00	8.499830e-01
1.105000e-07	8.500000e-01	8.500000e-01	0.000000e+00	0.000000e+00	8.499929e-01
1.105500e-07	8.500000e-01	7.650000e-01	0.000000e+00	0.000000e+00	8.499870e-01
1.106500e-07	8.500000e-01	5.950000e-01	0.000000e+00	0.000000e+00	8.499765e-01
1.108500e-07	8.500000e-01	2.550000e-01	0.000000e+00	0.000000e+00	8.499827e-01
1.110000e-07	8.500000e-01	1.221245e-14	0.000000e+00	0.000000e+00	8.500043e-01
1.110400e-07	8.500000e-01	0.000000e+00	0.000000e+00	0.000000e+00	8.500185e-01
1.111200e-07	8.500000e-01	0.000000e+00	0.000000e+00	0.000000e+00	8.500232e-01
1.112800e-07	8.500000e-01	0.000000e+00	0.000000e+00	0.000000e+00	8.499898e-01
1.116000e-07	8.500000e-01	0.000000e+00	0.000000e+00	0.000000e+00	8.499687e-01
1.122400e-07	8.500000e-01	0.000000e+00	0.000000e+00	0.000000e+00	8.499851e-01
1.135200e-07	8.500000e-01	0.000000e+00	0.000000e+00	0.000000e+00	8.499753e-01
1.150441e-07	8.500000e-01	0.000000e+00	0.000000e+00	0.000000e+00	8.499824e-01
1.180922e-07	8.500000e-01	0.000000e+00	0.000000e+00	0.000000e+00	8.499771e-01
1.200000e-07	8.500000e-01	0.000000e+00	0.000000e+00	0.000000e+00	8.499824e-01
1.200500e-07	8.500000e-01	8.500000e-02	0.000000e+00	0.000000e+00	8.499991e-01
1.201500e-07	8.500000e-01	2.550000e-01	0.000000e+00	0.000000e+00	8.500059e-01
1.203500e-07	8.500000e-01	5.950000e-01	0.000000e+00	0.000000e+00	8.499717e-01
1.205000e-07	8.500000e-01	8.500000e-01	0.000000e+00	0.000000e+00	8.499294e-01
1.205400e-07	8.500000e-01	8.500000e-01	0.000000e+00	0.000000e+00	8.499345e-01
1.206200e-07	8.500000e-01	8.500000e-01	0.000000e+00	0.000000e+00	8.499581e-01
1.207800e-07	8.500000e-01	8.500000e-01	0.000000e+00	0.000000e+00	8.499956e-01
1.211000e-07	8.500000e-01	8.500000e-01	0.000000e+00	0.000000e+00	8.499810e-01
1.216566e-07	8.500000e-01	8.500000e-01	0.000000e+00	0.000000e+00	8.499761e-01
1.227699e-07	8.500000e-01	8.500000e-01	0.000000e+00	0.000000e+00	8.499813e-01
1.249964e-07	8.500000e-01	8.500000e-01	0.000000e+00	0.000000e+00	8.499785e-01
1.255000e-07	8.500000e-01	8.500000e-01	0.000000e+00	0.000000e+00	8.499812e-01
1.255500e-07	7.650000e-01	8.500000e-01	0.000000e+00	0.000000e+00	8.499649e-01
1.256500e-07	5.950000e-01	8.500000e-01	0.000000e+00	0.000000e+00	8.499449e-01
1.258500e-07	2.550000e-01	8.500000e-01	0.000000e+00	0.000000e+00	8.499336e-01
1.260000e-07	0.000000e+00	8.500000e-01	0.000000e+00	0.000000e+00	8.499237e-01
1.260400e-07	0.000000e+00	8.500000e-01	0.000000e+00	0.000000e+00	8.499300e-01
1.261200e-07	0.000000e+00	8.500000e-01	0.000000e+00	0.000000e+00	8.499455e-01
1.262800e-07	0.000000e+00	8.500000e-01	0.000000e+00	0.000000e+00	8.499665e-01
1.266000e-07	0.000000e+00	8.500000e-01	0.000000e+00	0.000000e+00	8.499691e-01
1.272400e-07	0.000000e+00	8.500000e-01	0.000000e+00	0.000000e+00	8.499661e-01
1.285200e-07	0.000000e+00	8.500000e-01	0.000000e+00	0.000000e+00	8.499724e-01
1.305000e-07	0.000000e+00	8.500000e-01	0.000000e+00	0.000000e+00	8.499738e-01
1.305500e-07	0.000000e+00	7.650000e-01	0.000000e+00	0.000000e+00	8.499842e-01
1.306500e-07	0.000000e+00	5.950000e-01	0.000000e+00	0.000000e+00	8.500122e-01
1.308500e-07	0.000000e+00	2.550000e-01	0.000000e+00	0.000000e+00	8.500777e-01
1.310000e-07	0.000000e+00	0.000000e+00	0.000000e+00	0.000000e+00	8.501131e-01
1.310400e-07	0.000000e+00	0.000000e+00	0.000000e+00	0.000000e+00	8.501321e-01
1.311200e-07	0.000000e+00	0.000000e+00	0.000000e+00	0.000000e+00	8.501492e-01
1.312800e-07	0.000000e+00	0.000000e+00	0.000000e+00	0.000000e+00	8.501326e-01
1.316000e-07	0.000000e+00	0.000000e+00	0.000000e+00	0.000000e+00	8.500973e-01
1.322400e-07	0.000000e+00	0.000000e+00	0.000000e+00	0.000000e+00	8.500642e-01
1.335200e-07	0.000000e+00	0.000000e+00	0.000000e+00	0.000000e+00	8.500132e-01
1.350441e-07	0.000000e+00	0.000000e+00	0.000000e+00	0.000000e+00	8.499567e-01
1.380922e-07	0.000000e+00	0.000000e+00	0.000000e+00	0.000000e+00	8.499143e-01
1.400000e-07	0.000000e+00	0.000000e+00	0.000000e+00	0.000000e+00	8.499691e-01
1.400500e-07	0.000000e+00	8.500000e-02	0.000000e+00	0.000000e+00	8.499957e-01
1.401500e-07	0.000000e+00	2.550000e-01	0.000000e+00	0.000000e+00	8.500267e-01
1.403500e-07	0.000000e+00	5.950000e-01	0.000000e+00	0.000000e+00	8.500241e-01
1.405000e-07	0.000000e+00	8.500000e-01	0.000000e+00	0.000000e+00	8.499893e-01
1.405400e-07	0.000000e+00	8.500000e-01	0.000000e+00	0.000000e+00	8.500011e-01
1.406200e-07	0.000000e+00	8.500000e-01	0.000000e+00	0.000000e+00	8.500404e-01
1.407800e-07	0.000000e+00	8.500000e-01	0.000000e+00	0.000000e+00	8.500969e-01
1.411000e-07	0.000000e+00	8.500000e-01	0.000000e+00	0.000000e+00	8.500730e-01
1.416566e-07	0.000000e+00	8.500000e-01	0.000000e+00	0.000000e+00	8.500352e-01
1.427699e-07	0.000000e+00	8.500000e-01	0.000000e+00	0.000000e+00	8.500178e-01
1.449964e-07	0.000000e+00	8.500000e-01	0.000000e+00	0.000000e+00	8.499961e-01
1.450000e-07	0.000000e+00	8.500000e-01	0.000000e+00	0.000000e+00	8.499962e-01
1.450071e-07	1.213598e-02	8.500000e-01	1.213598e-02	1.213598e-02	8.506617e-01
1.450214e-07	3.640793e-02	8.500000e-01	3.640793e-02	3.640793e-02	8.519518e-01
1.450500e-07	8.495184e-02	8.500000e-01	8.495184e-02	8.495184e-02	8.543427e-01
1.451071e-07	1.820397e-01	8.500000e-01	1.820397e-01	1.820397e-01	8.584679e-01
1.452213e-07	3.762153e-01	8.500000e-01	3.762153e-01	3.762153e-01	8.643482e-01
1.454497e-07	7.645665e-01	8.500000e-01	7.645665e-01	7.645665e-01	8.631923e-01
1.455000e-07	8.500000e-01	8.500000e-01	8.500000e-01	8.500000e-01	8.602223e-01
1.455457e-07	8.500000e-01	8.500000e-01	8.500000e-01	8.500000e-01	8.577016e-01
1.456371e-07	8.500000e-01	8.500000e-01	8.500000e-01	8.500000e-01	8.541396e-01
1.458198e-07	8.500000e-01	8.500000e-01	8.500000e-01	8.500000e-01	8.514158e-01
1.461853e-07	8.500000e-01	8.500000e-01	8.500000e-01	8.500000e-01	8.500713e-01
1.467843e-07	8.500000e-01	8.500000e-01	8.500000e-01	8.500000e-01	8.499398e-01
1.475425e-07	8.500000e-01	8.500000e-01	8.500000e-01	8.500000e-01	8.500007e-01
1.490267e-07	8.500000e-01	8.500000e-01	8.500000e-01	8.500000e-01	8.499643e-01
1.504666e-07	8.500000e-01	8.500000e-01	8.500000e-01	8.500000e-01	8.499920e-01
1.505000e-07	8.500000e-01	8.500000e-01	8.500000e-01	8.500000e-01	8.499748e-01
1.505500e-07	8.500000e-01	7.650000e-01	8.500000e-01	8.500000e-01	8.499600e-01
1.506500e-07	8.500000e-01	5.950000e-01	8.500000e-01	8.500000e-01	8.499510e-01
1.508500e-07	8.500000e-01	2.550000e-01	8.500000e-01	8.500000e-01	8.499675e-01
1.510000e-07	8.500000e-01	0.000000e+00	8.500000e-01	8.500000e-01	8.500008e-01
1.510400e-07	8.500000e-01	0.000000e+00	8.500000e-01	8.500000e-01	8.500185e-01
1.511200e-07	8.500000e-01	0.000000e+00	8.500000e-01	8.500000e-01	8.500256e-01
1.512800e-07	8.500000e-01	0.000000e+00	8.500000e-01	8.500000e-01	8.499819e-01
1.516000e-07	8.500000e-01	0.000000e+00	8.500000e-01	8.500000e-01	8.499588e-01
1.522400e-07	8.500000e-01	0.000000e+00	8.500000e-01	8.500000e-01	8.499873e-01
1.534729e-07	8.500000e-01	0.000000e+00	8.500000e-01	8.500000e-01	8.499764e-01
1.549722e-07	8.500000e-01	0.000000e+00	8.500000e-01	8.500000e-01	8.499821e-01
1.575988e-07	8.500000e-01	0.000000e+00	8.500000e-01	8.500000e-01	8.499782e-01
1.600000e-07	8.500000e-01	0.000000e+00	8.500000e-01	8.500000e-01	8.499812e-01
1.600500e-07	8.500000e-01	8.500000e-02	8.500000e-01	8.500000e-01	8.500016e-01
1.601500e-07	8.500000e-01	2.550000e-01	8.500000e-01	8.500000e-01	8.500043e-01
1.603500e-07	8.500000e-01	5.950000e-01	8.500000e-01	8.500000e-01	8.498197e-01
1.605000e-07	8.500000e-01	8.500000e-01	8.500000e-01	8.500000e-01	8.496689e-01
1.605400e-07	8.500000e-01	8.500000e-01	8.500000e-01	8.500000e-01	8.498495e-01
1.606200e-07	8.500000e-01	8.500000e-01	8.500000e-01	8.500000e-01	8.506562e-01
1.607800e-07	8.500000e-01	8.500000e-01	8.500000e-01	8.500000e-01	8.546250e-01
1.611000e-07	8.500000e-01	8.500000e-01	8.500000e-01	8.500000e-01	7.915115e-01
1.616627e-07	8.500000e-01	8.500000e-01	8.500000e-01	8.500000e-01	1.644382e-01
1.627882e-07	8.500000e-01	8.500000e-01	8.500000e-01	8.500000e-01	-8.626541e-02
1.638503e-07	8.500000e-01	8.500000e-01	8.500000e-01	8.500000e-01	7.115423e-02
1.655000e-07	8.500000e-01	8.500000e-01	8.500000e-01	8.500000e-01	-5.267804e-02
1.655500e-07	7.650000e-01	8.500000e-01	8.500000e-01	8.500000e-01	-3.231001e-02
1.656500e-07	5.950000e-01	8.500000e-01	8.500000e-01	8.500000e-01	-7.295628e-03
1.658500e-07	2.550000e-01	8.500000e-01	8.500000e-01	8.500000e-01	7.600927e-04
1.660000e-07	0.000000e+00	8.500000e-01	8.500000e-01	8.500000e-01	-3.775562e-05
1.660400e-07	0.000000e+00	8.500000e-01	8.500000e-01	8.500000e-01	-1.034815e-05
1.661200e-07	0.000000e+00	8.500000e-01	8.500000e-01	8.500000e-01	5.986666e-05
1.662800e-07	0.000000e+00	8.500000e-01	8.500000e-01	8.500000e-01	1.807627e-05
1.666000e-07	0.000000e+00	8.500000e-01	8.500000e-01	8.500000e-01	-1.808546e-05
1.672400e-07	0.000000e+00	8.500000e-01	8.500000e-01	8.500000e-01	1.227770e-05
1.684945e-07	0.000000e+00	8.500000e-01	8.500000e-01	8.500000e-01	-1.015128e-05
1.705000e-07	0.000000e+00	8.500000e-01	8.500000e-01	8.500000e-01	1.005213e-05
1.705500e-07	0.000000e+00	7.650000e-01	8.500000e-01	8.500000e-01	-1.362612e-05
1.706500e-07	0.000000e+00	5.950000e-01	8.500000e-01	8.500000e-01	-1.909600e-05
1.708500e-07	0.000000e+00	2.550000e-01	8.500000e-01	8.500000e-01	-1.325125e-06
1.710000e-07	0.000000e+00	0.000000e+00	8.500000e-01	8.500000e-01	2.135247e-05
1.710400e-07	0.000000e+00	0.000000e+00	8.500000e-01	8.500000e-01	3.566050e-05
1.711200e-07	0.000000e+00	0.000000e+00	8.500000e-01	8.500000e-01	4.470279e-05
1.712800e-07	0.000000e+00	0.000000e+00	8.500000e-01	8.500000e-01	8.044198e-06
1.716000e-07	0.000000e+00	0.000000e+00	8.500000e-01	8.500000e-01	-2.811127e-05
1.722400e-07	0.000000e+00	0.000000e+00	8.500000e-01	8.500000e-01	1.036357e-05
1.735200e-07	0.000000e+00	0.000000e+00	8.500000e-01	8.500000e-01	-2.215733e-06
1.750438e-07	0.000000e+00	0.000000e+00	8.500000e-01	8.500000e-01	-3.139356e-07
1.780915e-07	0.000000e+00	0.000000e+00	8.500000e-01	8.500000e-01	1.854716e-06
1.800000e-07	0.000000e+00	0.000000e+00	8.500000e-01	8.500000e-01	-2.016925e-06
1.800500e-07	0.000000e+00	8.500000e-02	8.500000e-01	8.500000e-01	7.269252e-06
1.801500e-07	0.000000e+00	2.550000e-01	8.500000e-01	8.500000e-01	1.690303e-05
1.803500e-07	0.000000e+00	5.950000e-01	8.500000e-01	8.500000e-01	-1.585945e-05
1.805000e-07	0.000000e+00	8.500000e-01	8.500000e-01	8.500000e-01	-2.976497e-05
1.805400e-07	0.000000e+00	8.500000e-01	8.500000e-01	8.500000e-01	-2.210817e-05
1.806200e-07	0.000000e+00	8.500000e-01	8.500000e-01	8.500000e-01	1.188164e-05
1.807800e-07	0.000000e+00	8.500000e-01	8.500000e-01	8.500000e-01	2.217397e-05
1.811000e-07	0.000000e+00	8.500000e-01	8.500000e-01	8.500000e-01	-6.916423e-06
1.816566e-07	0.000000e+00	8.500000e-01	8.500000e-01	8.500000e-01	1.560147e-06
1.827697e-07	0.000000e+00	8.500000e-01	8.500000e-01	8.500000e-01	-3.027053e-07
1.849959e-07	0.000000e+00	8.500000e-01	8.500000e-01	8.500000e-01	7.122465e-07
1.850000e-07	0.000000e+00	8.500000e-01	8.500000e-01	8.500000e-01	6.075937e-07
1.850083e-07	1.404518e-02	8.500000e-01	8.500000e-01	8.500000e-01	7.285770e-06
1.850248e-07	4.213555e-02	8.500000e-01	8.500000e-01	8.500000e-01	2.048337e-05
1.850578e-07	9.831629e-02	8.500000e-01	8.500000e-01	8.500000e-01	3.353568e-05
1.851239e-07	2.106778e-01	8.500000e-01	8.500000e-01	8.500000e-01	5.096226e-05
1.852561e-07	4.354007e-01	8.500000e-01	8.500000e-01	8.500000e-01	8.158473e-05
1.855000e-07	8.500000e-01	8.500000e-01	8.500000e-01	8.500000e-01	2.570730e-05
1.855264e-07	8.500000e-01	8.500000e-01	8.500000e-01	8.500000e-01	-2.377399e-05
1.855793e-07	8.500000e-01	8.500000e-01	8.500000e-01	8.500000e-01	-6.528425e-05
1.856851e-07	8.500000e-01	8.500000e-01	8.500000e-01	8.500000e-01	-2.921853e-05
1.858966e-07	8.500000e-01	8.500000e-01	8.500000e-01	8.500000e-01	1.135758e-05
1.863196e-07	8.500000e-01	8.500000e-01	8.500000e-01	8.500000e-01	1.956125e-06
1.871656e-07	8.500000e-01	8.500000e-01	8.500000e-01	8.500000e-01	1.307864e-05
1.888576e-07	8.500000e-01	8.500000e-01	8.500000e-01	8.500000e-01	5.678315e-06
1.905000e-07	8.500000e-01	8.500000e-01	8.500000e-01	8.500000e-01	1.264270e-05
1.905500e-07	8.500000e-01	7.650000e-01	8.500000e-01	8.500000e-01	-9.060494e-07
1.906500e-07	8.500000e-01	5.950000e-01	8.500000e-01	8.500000e-01	-8.679907e-06
1.908500e-07	8.500000e-01	2.550000e-01	8.500000e-01	8.500000e-01	7.150115e-06
1.910000e-07	8.500000e-01	0.000000e+00	8.500000e-01	8.500000e-01	3.021406e-05
1.910400e-07	8.500000e-01	0.000000e+00	8.500000e-01	8.500000e-01	4.464269e-05
1.911200e-07	8.500000e-01	0.000000e+00	8.500000e-01	8.500000e-01	5.367738e-05
1.912800e-07	8.500000e-01	0.000000e+00	8.500000e-01	8.500000e-01	2.198065e-05
1.916000e-07	8.500000e-01	0.000000e+00	8.500000e-01	8.500000e-01	-2.122533e-05
1.922400e-07	8.500000e-01	0.000000e+00	8.500000e-01	8.500000e-01	2.012171e-05
1.935200e-07	8.500000e-01	0.000000e+00	8.500000e-01	8.500000e-01	5.576776e-06
1.950438e-07	8.500000e-01	0.000000e+00	8.500000e-01	8.500000e-01	1.318664e-05
1.955000e-07	8.500000e-01	0.000000e+00	8.500000e-01	8.500000e-01	1.004826e-05
1.955500e-07	8.500000e-01	0.000000e+00	8.500000e-01	7.650000e-01	1.021669e-05
1.956500e-07	8.500000e-01	0.000000e+00	8.500000e-01	5.950000e-01	1.048211e-05
1.958500e-07	8.500000e-01	0.000000e+00	8.500000e-01	2.550000e-01	8.300190e-06
1.960000e-07	8.500000e-01	0.000000e+00	8.500000e-01	0.000000e+00	9.272550e-06
1.960400e-07	8.500000e-01	0.000000e+00	8.500000e-01	0.000000e+00	9.278640e-06
1.961200e-07	8.500000e-01	0.000000e+00	8.500000e-01	0.000000e+00	7.352220e-06
1.962800e-07	8.500000e-01	0.000000e+00	8.500000e-01	0.000000e+00	4.595405e-06
1.966000e-07	8.500000e-01	0.000000e+00	8.500000e-01	0.000000e+00	1.344292e-05
1.971503e-07	8.500000e-01	0.000000e+00	8.500000e-01	0.000000e+00	6.040620e-06
1.978321e-07	8.500000e-01	0.000000e+00	8.500000e-01	0.000000e+00	1.095755e-05
1.991957e-07	8.500000e-01	0.000000e+00	8.500000e-01	0.000000e+00	7.249619e-06
2.000000e-07	8.500000e-01	0.000000e+00	8.500000e-01	0.000000e+00	9.929587e-06
2.000500e-07	8.500000e-01	8.500000e-02	8.500000e-01	0.000000e+00	1.708547e-05
2.001500e-07	8.500000e-01	2.550000e-01	8.500000e-01	0.000000e+00	3.657112e-05
2.003500e-07	8.500000e-01	5.950000e-01	8.500000e-01	0.000000e+00	1.065147e-04
2.005000e-07	8.500000e-01	8.500000e-01	8.500000e-01	0.000000e+00	8.336108e-05
2.005400e-07	8.500000e-01	8.500000e-01	8.500000e-01	0.000000e+00	-7.441593e-05
2.006200e-07	8.500000e-01	8.500000e-01	8.500000e-01	0.000000e+00	-6.459690e-04
2.007800e-07	8.500000e-01	8.500000e-01	8.500000e-01	0.000000e+00	-2.966329e-03
2.011000e-07	8.500000e-01	8.500000e-01	8.500000e-01	0.000000e+00	1.251451e-02
2.016468e-07	8.500000e-01	8.500000e-01	8.500000e-01	0.000000e+00	4.377151e-01
2.027315e-07	8.500000e-01	8.500000e-01	8.500000e-01	0.000000e+00	9.197412e-01
2.040412e-07	8.500000e-01	8.500000e-01	8.500000e-01	0.000000e+00	8.113326e-01
2.055000e-07	8.500000e-01	8.500000e-01	8.500000e-01	0.000000e+00	8.710467e-01
2.055500e-07	7.650000e-01	8.500000e-01	7.650000e-01	0.000000e+00	8.653825e-01
2.056500e-07	5.950000e-01	8.500000e-01	5.950000e-01	0.000000e+00	8.529534e-01
2.058500e-07	2.550000e-01	8.500000e-01	2.550000e-01	0.000000e+00	8.171771e-01
2.060000e-07	0.000000e+00	8.500000e-01	0.000000e+00	0.000000e+00	7.871556e-01
2.060400e-07	0.000000e+00	8.500000e-01	0.000000e+00	0.000000e+00	7.861290e-01
2.061200e-07	0.000000e+00	8.500000e-01	0.000000e+00	0.000000e+00	7.873832e-01
2.062800e-07	0.000000e+00	8.500000e-01	0.000000e+00	0.000000e+00	7.984055e-01
2.066000e-07	0.000000e+00	8.500000e-01	0.000000e+00	0.000000e+00	8.197321e-01
2.072400e-07	0.000000e+00	8.500000e-01	0.000000e+00	0.000000e+00	8.406157e-01
2.082499e-07	0.000000e+00	8.500000e-01	0.000000e+00	0.000000e+00	8.491857e-01
2.099793e-07	0.000000e+00	8.500000e-01	0.000000e+00	0.000000e+00	8.501792e-01
2.105000e-07	0.000000e+00	8.500000e-01	0.000000e+00	0.000000e+00	8.500302e-01
2.105500e-07	0.000000e+00	7.650000e-01	0.000000e+00	0.000000e+00	8.500481e-01
2.106500e-07	0.000000e+00	5.950000e-01	0.000000e+00	0.000000e+00	8.500917e-01
2.108500e-07	0.000000e+00	2.550000e-01	0.000000e+00	0.000000e+00	8.501789e-01
2.110000e-07	0.000000e+00	0.000000e+00	0.000000e+00	0.000000e+00	8.502267e-01
2.110400e-07	0.000000e+00	0.000000e+00	0.000000e+00	0.000000e+00	8.502548e-01
2.111200e-07	0.000000e+00	0.000000e+00	0.000000e+00	0.000000e+00	8.502927e-01
2.112800e-07	0.000000e+00	0.000000e+00	0.000000e+00	0.000000e+00	8.503079e-01
2.116000e-07	0.000000e+00	0.000000e+00	0.000000e+00	0.000000e+00	8.502751e-01
2.122400e-07	0.000000e+00	0.000000e+00	0.000000e+00	0.000000e+00	8.500868e-01
2.135200e-07	0.000000e+00	0.000000e+00	0.000000e+00	0.000000e+00	8.499356e-01
2.150441e-07	0.000000e+00	0.000000e+00	0.000000e+00	0.000000e+00	8.499178e-01
2.180922e-07	0.000000e+00	0.000000e+00	0.000000e+00	0.000000e+00	8.499643e-01
2.200000e-07	0.000000e+00	0.000000e+00	0.000000e+00	0.000000e+00	8.499719e-01
2.200500e-07	0.000000e+00	8.500000e-02	0.000000e+00	0.000000e+00	8.499875e-01
2.201500e-07	0.000000e+00	2.550000e-01	0.000000e+00	0.000000e+00	8.500022e-01
2.203500e-07	0.000000e+00	5.950000e-01	0.000000e+00	0.000000e+00	8.499943e-01
2.205000e-07	0.000000e+00	8.500000e-01	0.000000e+00	0.000000e+00	8.499592e-01
2.205400e-07	0.000000e+00	8.500000e-01	0.000000e+00	0.000000e+00	8.499668e-01
2.206200e-07	0.000000e+00	8.500000e-01	0.000000e+00	0.000000e+00	8.499976e-01
2.207800e-07	0.000000e+00	8.500000e-01	0.000000e+00	0.000000e+00	8.500482e-01
2.211000e-07	0.000000e+00	8.500000e-01	0.000000e+00	0.000000e+00	8.500304e-01
2.216566e-07	0.000000e+00	8.500000e-01	0.000000e+00	0.000000e+00	8.500017e-01
2.227699e-07	0.000000e+00	8.500000e-01	0.000000e+00	0.000000e+00	8.499906e-01
2.249964e-07	0.000000e+00	8.500000e-01	0.000000e+00	0.000000e+00	8.499758e-01
2.250000e-07	0.000000e+00	8.500000e-01	0.000000e+00	0.000000e+00	8.499831e-01
2.250071e-07	1.213493e-02	8.500000e-01	0.000000e+00	0.000000e+00	8.499944e-01
2.250214e-07	3.640478e-02	8.500000e-01	0.000000e+00	0.000000e+00	8.500036e-01
2.250500e-07	8.494448e-02	8.500000e-01	0.000000e+00	0.000000e+00	8.500237e-01
2.251071e-07	1.820239e-01	8.500000e-01	0.000000e+00	0.000000e+00	8.500550e-01
2.252213e-07	3.761827e-01	8.500000e-01	0.000000e+00	0.000000e+00	8.500966e-01
2.254497e-07	7.645003e-01	8.500000e-01	0.000000e+00	0.000000e+00	8.501106e-01
2.255000e-07	8.500000e-01	8.500000e-01	0.000000e+00	0.000000e+00	8.501105e-01
2.255457e-07	8.500000e-01	8.500000e-01	0.000000e+00	0.000000e+00	8.500975e-01
2.256371e-07	8.500000e-01	8.500000e-01	0.000000e+00	0.000000e+00	8.500772e-01
2.258198e-07	8.500000e-01	8.500000e-01	0.000000e+00	0.000000e+00	8.500689e-01
2.261853e-07	8.500000e-01	8.500000e-01	0.000000e+00	0.000000e+00	8.500320e-01
2.269162e-07	8.500000e-01	8.500000e-01	0.000000e+00	0.000000e+00	8.499949e-01
2.283781e-07	8.500000e-01	8.500000e-01	0.000000e+00	0.000000e+00	8.499637e-01
2.305000e-07	8.500000e-01	8.500000e-01	0.000000e+00	0.000000e+00	8.499975e-01
2.305500e-07	8.500000e-01	7.650000e-01	0.000000e+00	0.000000e+00	8.499925e-01
2.306500e-07	8.500000e-01	5.950000e-01	0.000000e+00	0.000000e+00	8.499876e-01
2.308500e-07	8.500000e-01	2.550000e-01	0.000000e+00	0.000000e+00	8.500164e-01
2.310000e-07	8.500000e-01	0.000000e+00	0.000000e+00	0.000000e+00	8.500484e-01
2.310400e-07	8.500000e-01	0.000000e+00	0.000000e+00	0.000000e+00	8.500665e-01
2.311200e-07	8.500000e-01	0.000000e+00	0.000000e+00	0.000000e+00	8.500817e-01
2.312800e-07	8.500000e-01	0.000000e+00	0.000000e+00	0.000000e+00	8.500664e-01
2.316000e-07	8.500000e-01	0.000000e+00	0.000000e+00	0.000000e+00	8.500423e-01
2.322400e-07	8.500000e-01	0.000000e+00	0.000000e+00	0.000000e+00	8.500293e-01
2.335200e-07	8.500000e-01	0.000000e+00	0.000000e+00	0.000000e+00	8.499751e-01
2.350441e-07	8.500000e-01	0.000000e+00	0.000000e+00	0.000000e+00	8.499821e-01
2.380922e-07	8.500000e-01	0.000000e+00	0.000000e+00	0.000000e+00	8.499778e-01
2.400000e-07	8.500000e-01	0.000000e+00	0.000000e+00	0.000000e+00	8.499796e-01
2.400500e-07	8.500000e-01	8.500000e-02	0.000000e+00	0.000000e+00	8.499968e-01
2.401500e-07	8.500000e-01	2.550000e-01	0.000000e+00	0.000000e+00	8.500041e-01
2.403500e-07	8.500000e-01	5.950000e-01	0.000000e+00	0.000000e+00	8.499711e-01
2.405000e-07	8.500000e-01	8.500000e-01	0.000000e+00	0.000000e+00	8.499299e-01
2.405400e-07	8.500000e-01	8.500000e-01	0.000000e+00	0.000000e+00	8.499354e-01
2.406200e-07	8.500000e-01	8.500000e-01	0.000000e+00	0.000000e+00	8.499602e-01
2.407800e-07	8.500000e-01	8.500000e-01	0.000000e+00	0.000000e+00	8.499995e-01
2.411000e-07	8.500000e-01	8.500000e-01	0.000000e+00	0.000000e+00	8.499861e-01
2.416566e-07	8.500000e-01	8.500000e-01	0.000000e+00	0.000000e+00	8.499803e-01
2.427699e-07	8.500000e-01	8.500000e-01	0.000000e+00	0.000000e+00	8.499844e-01
2.449964e-07	8.500000e-01	8.500000e-01	0.000000e+00	0.000000e+00	8.499761e-01
2.450000e-07	8.500000e-01	8.500000e-01	0.000000e+00	2.249931e-14	8.499763e-01
2.450071e-07	8.500000e-01	8.500000e-01	0.000000e+00	1.213539e-02	8.499772e-01
2.450214e-07	8.500000e-01	8.500000e-01	0.000000e+00	3.640616e-02	8.499787e-01
2.450500e-07	8.500000e-01	8.500000e-01	0.000000e+00	8.494770e-02	8.499813e-01
2.451071e-07	8.500000e-01	8.500000e-01	0.000000e+00	1.820308e-01	8.499859e-01
2.452213e-07	8.500000e-01	8.500000e-01	0.000000e+00	3.761970e-01	8.499700e-01
2.454497e-07	8.500000e-01	8.500000e-01	0.000000e+00	7.645293e-01	8.500597e-01
2.455000e-07	8.500000e-01	8.500000e-01	0.000000e+00	8.500000e-01	8.503060e-01
2.455457e-07	7.723335e-01	8.500000e-01	0.000000e+00	8.500000e-01	8.511504e-01
2.456371e-07	6.170006e-01	8.500000e-01	0.000000e+00	8.500000e-01	8.536032e-01
2.458198e-07	3.063347e-01	8.500000e-01	0.000000e+00	8.500000e-01	8.599932e-01
2.460000e-07	0.000000e+00	8.500000e-01	0.000000e+00	8.500000e-01	8.645710e-01
2.460365e-07	0.000000e+00	8.500000e-01	0.000000e+00	8.500000e-01	8.649552e-01
2.461096e-07	0.000000e+00	8.500000e-01	0.000000e+00	8.500000e-01	8.653729e-01
2.462558e-07	0.000000e+00	8.500000e-01	0.000000e+00	8.500000e-01	8.645763e-01
2.465482e-07	0.000000e+00	8.500000e-01	0.000000e+00	8.500000e-01	8.605866e-01
2.471330e-07	0.000000e+00	8.500000e-01	0.000000e+00	8.500000e-01	8.537842e-01
2.478396e-07	0.000000e+00	8.500000e-01	0.000000e+00	8.500000e-01	8.507091e-01
2.492526e-07	0.000000e+00	8.500000e-01	0.000000e+00	8.500000e-01	8.499655e-01
2.505000e-07	0.000000e+00	8.500000e-01	0.000000e+00	8.500000e-01	8.500105e-01
2.505500e-07	0.000000e+00	7.650000e-01	0.000000e+00	8.500000e-01	8.500038e-01
2.506500e-07	0.000000e+00	5.950000e-01	0.000000e+00	8.500000e-01	8.499924e-01
2.508500e-07	0.000000e+00	2.550000e-01	0.000000e+00	8.500000e-01	8.499990e-01
2.510000e-07	0.000000e+00	3.463896e-14	0.000000e+00	8.500000e-01	8.500210e-01
2.510400e-07	0.000000e+00	0.000000e+00	0.000000e+00	8.500000e-01	8.500310e-01
2.511200e-07	0.000000e+00	0.000000e+00	0.000000e+00	8.500000e-01	8.500332e-01
2.512800e-07	0.000000e+00	0.000000e+00	0.000000e+00	8.500000e-01	8.499953e-01
2.516000e-07	0.000000e+00	0.000000e+00	0.000000e+00	8.500000e-01	8.499790e-01
2.522400e-07	0.000000e+00	0.000000e+00	0.000000e+00	8.500000e-01	8.499971e-01
2.534729e-07	0.000000e+00	0.000000e+00	0.000000e+00	8.500000e-01	8.499842e-01
2.549701e-07	0.000000e+00	0.000000e+00	0.000000e+00	8.500000e-01	8.499859e-01
2.575987e-07	0.000000e+00	0.000000e+00	0.000000e+00	8.500000e-01	8.499723e-01
2.600000e-07	0.000000e+00	8.999725e-14	0.000000e+00	8.500000e-01	8.499735e-01
2.600500e-07	0.000000e+00	8.500000e-02	0.000000e+00	8.500000e-01	8.499844e-01
2.601500e-07	0.000000e+00	2.550000e-01	0.000000e+00	8.500000e-01	8.499730e-01
2.603500e-07	0.000000e+00	5.950000e-01	0.000000e+00	8.500000e-01	8.498134e-01
2.605000e-07	0.000000e+00	8.500000e-01	0.000000e+00	8.500000e-01	8.497061e-01
2.605400e-07	0.000000e+00	8.500000e-01	0.000000e+00	8.500000e-01	8.498584e-01
2.606200e-07	0.000000e+00	8.500000e-01	0.000000e+00	8.500000e-01	8.505143e-01
2.607800e-07	0.000000e+00	8.500000e-01	0.000000e+00	8.500000e-01	8.535183e-01
2.611000e-07	0.000000e+00	8.500000e-01	0.000000e+00	8.500000e-01	8.084552e-01
2.616627e-07	0.000000e+00	8.500000e-01	0.000000e+00	8.500000e-01	3.101399e-01
2.627882e-07	0.000000e+00	8.500000e-01	0.000000e+00	8.500000e-01	-4.972285e-02
2.638090e-07	0.000000e+00	8.500000e-01	0.000000e+00	8.500000e-01	2.968865e-02
2.650000e-07	0.000000e+00	8.500000e-01	0.000000e+00	8.500000e-01	-1.979481e-02
2.650500e-07	8.500000e-02	8.500000e-01	8.500000e-02	8.500000e-01	-8.909825e-03
2.651500e-07	2.550000e-01	8.500000e-01	2.550000e-01	8.500000e-01	3.014252e-03
2.653500e-07	5.950000e-01	8.500000e-01	5.950000e-01	8.500000e-01	1.739717e-02
2.655000e-07	8.500000e-01	8.500000e-01	8.500000e-01	8.500000e-01	9.630615e-03
2.655400e-07	8.500000e-01	8.500000e-01	8.500000e-01	8.500000e-01	3.671417e-03
2.656200e-07	8.500000e-01	8.500000e-01	8.500000e-01	8.500000e-01	-6.493081e-04
2.657800e-07	8.500000e-01	8.500000e-01	8.500000e-01	8.500000e-01	-3.368031e-04
2.661000e-07	8.500000e-01	8.500000e-01	8.500000e-01	8.500000e-01	1.634935e-04
2.666368e-07	8.500000e-01	8.500000e-01	8.500000e-01	8.500000e-01	-9.388789e-05
2.677105e-07	8.500000e-01	8.500000e-01	8.500000e-01	8.500000e-01	9.031059e-05
2.697400e-07	8.500000e-01	8.500000e-01	8.500000e-01	8.500000e-01	-6.314138e-05
2.705000e-07	8.500000e-01	8.500000e-01	8.500000e-01	8.500000e-01	6.146554e-05
2.705500e-07	8.500000e-01	7.650000e-01	8.500000e-01	8.500000e-01	2.548305e-05
2.706500e-07	8.500000e-01	5.950000e-01	8.500000e-01	8.500000e-01	-4.758436e-06
2.708500e-07	8.500000e-01	2.550000e-01	8.500000e-01	8.500000e-01	5.033716e-06
2.710000e-07	8.500000e-01	3.463896e-14	8.500000e-01	8.500000e-01	3.047987e-05
2.710400e-07	8.500000e-01	0.000000e+00	8.500000e-01	8.500000e-01	4.346981e-05
2.711200e-07	8.500000e-01	0.000000e+00	8.500000e-01	8.500000e-01	5.254665e-05
2.712800e-07	8.500000e-01	0.000000e+00	8.500000e-01	8.500000e-01	1.662377e-05
2.716000e-07	8.500000e-01	0.000000e+00	8.500000e-01	8.500000e-01	-1.931946e-05
2.722400e-07	8.500000e-01	0.000000e+00	8.500000e-01	8.500000e-01	1.934661e-05
2.735200e-07	8.500000e-01	0.000000e+00	8.500000e-01	8.500000e-01	6.024134e-06
2.750438e-07	8.500000e-01	0.000000e+00	8.500000e-01	8.500000e-01	8.771274e-06
2.780914e-07	8.500000e-01	0.000000e+00	8.500000e-01	8.500000e-01	1.005514e-05
2.800000e-07	8.500000e-01	0.000000e+00	8.500000e-01	8.500000e-01	7.034203e-06
2.800500e-07	8.500000e-01	8.500000e-02	8.500000e-01	8.500000e-01	1.487161e-05
2.801500e-07	8.500000e-01	2.550000e-01	8.500000e-01	8.500000e-01	2.420949e-05
2.803500e-07	8.500000e-01	5.950000e-01	8.500000e-01	8.500000e-01	-6.423886e-06
2.805000e-07	8.500000e-01	8.500000e-01	8.500000e-01	8.500000e-01	-2.094816e-05
2.805400e-07	8.500000e-01	8.500000e-01	8.500000e-01	8.500000e-01	-1.496827e-05
2.806200e-07	8.500000e-01	8.500000e-01	8.500000e-01	8.500000e-01	1.917896e-05
2.807800e-07	8.500000e-01	8.500000e-01	8.500000e-01	8.500000e-01	3.158826e-05
2.811000e-07	8.500000e-01	8.500000e-01	8.500000e-01	8.500000e-01	2.035049e-06
2.816566e-07	8.500000e-01	8.500000e-01	8.500000e-01	8.500000e-01	9.990945e-06
2.827697e-07	8.500000e-01	8.500000e-01	8.500000e-01	8.500000e-01	8.545006e-06
2.849959e-07	8.500000e-01	8.500000e-01	8.500000e-01	8.500000e-01	9.247005e-06
2.855000e-07	8.500000e-01	8.500000e-01	8.500000e-01	8.500000e-01	8.741222e-06
2.855500e-07	7.650000e-01	8.500000e-01	8.500000e-01	8.500000e-01	-3.303106e-05
2.856500e-07	5.950000e-01	8.500000e-01	8.500000e-01	8.500000e-01	-4.699697e-05
2.858500e-07	2.550000e-01	8.500000e-01	8.500000e-01	8.500000e-01	-1.028946e-05
2.860000e-07	2.053913e-14	8.500000e-01	8.500000e-01	8.500000e-01	-3.768472e-05
2.860400e-07	0.000000e+00	8.500000e-01	8.500000e-01	8.500000e-01	-1.404239e-06
2.861200e-07	0.000000e+00	8.500000e-01	8.500000e-01	8.500000e-01	7.094438e-05
2.862800e-07	0.000000e+00	8.500000e-01	8.500000e-01	8.500000e-01	2.473714e-05
2.866000e-07	0.000000e+00	8.500000e-01	8.500000e-01	8.500000e-01	-1.785349e-05
2.872400e-07	0.000000e+00	8.500000e-01	8.500000e-01	8.500000e-01	1.223960e-05
2.884948e-07	0.000000e+00	8.500000e-01	8.500000e-01	8.500000e-01	-1.013552e-05
2.905000e-07	0.000000e+00	8.500000e-01	8.500000e-01	8.500000e-01	1.004450e-05
2.905500e-07	0.000000e+00	7.650000e-01	8.500000e-01	8.500000e-01	-7.056778e-06
2.906500e-07	0.000000e+00	5.950000e-01	8.500000e-01	8.500000e-01	-1.765334e-05
2.908500e-07	0.000000e+00	2.550000e-01	8.500000e-01	8.500000e-01	-1.486151e-06
2.910000e-07	0.000000e+00	3.463896e-14	8.500000e-01	8.500000e-01	2.135381e-05
2.910400e-07	0.000000e+00	0.000000e+00	8.500000e-01	8.500000e-01	3.566147e-05
2.911200e-07	0.000000e+00	0.000000e+00	8.500000e-01	8.500000e-01	4.470386e-05
2.912800e-07	0.000000e+00	0.000000e+00	8.500000e-01	8.500000e-01	8.044752e-06
2.916000e-07	0.000000e+00	0.000000e+00	8.500000e-01	8.500000e-01	-2.811122e-05
2.922400e-07	0.000000e+00	0.000000e+00	8.500000e-01	8.500000e-01	1.036346e-05
2.935200e-07	0.000000e+00	0.000000e+00	8.500000e-01	8.500000e-01	-2.215708e-06
2.950438e-07	0.000000e+00	0.000000e+00	8.500000e-01	8.500000e-01	-3.139325e-07
2.955000e-07	0.000000e+00	0.000000e+00	8.500000e-01	8.500000e-01	3.440777e-06
2.955500e-07	0.000000e+00	0.000000e+00	8.500000e-01	7.650000e-01	1.462635e-06
2.956500e-07	0.000000e+00	0.000000e+00	8.500000e-01	5.950000e-01	-4.093932e-08
2.958500e-07	0.000000e+00	0.000000e+00	8.500000e-01	2.550000e-01	9.361094e-07
2.960000e-07	0.000000e+00	0.000000e+00	8.500000e-01	3.741452e-14	-8.010562e-07
2.960400e-07	0.000000e+00	0.000000e+00	8.500000e-01	0.000000e+00	-3.968265e-06
2.961200e-07	0.000000e+00	0.000000e+00	8.500000e-01	0.000000e+00	-9.475084e-06
2.962800e-07	0.000000e+00	0.000000e+00	8.500000e-01	0.000000e+00	-7.356233e-06
2.966000e-07	0.000000e+00	0.000000e+00	8.500000e-01	0.000000e+00	1.214216e-05
2.970509e-07	0.000000e+00	0.000000e+00	8.500000e-01	0.000000e+00	-5.418554e-06
2.979528e-07	0.000000e+00	0.000000e+00	8.500000e-01	0.000000e+00	3.275450e-06
2.989002e-07	0.000000e+00	0.000000e+00	8.500000e-01	0.000000e+00	-1.895697e-06
3.000000e-07	0.000000e+00	8.999725e-14	8.500000e-01	0.000000e+00	-9.263230e-07
