time (time)	v(d) (voltage)	v(clk) (voltage)	v(s) (voltage)	v(r) (voltage)	v(q) (voltage)
0.000000e+00	0.000000e+00	0.000000e+00	0.000000e+00	0.000000e+00	9.354625e-07
1.000000e-12	0.000000e+00	1.700000e-03	0.000000e+00	0.000000e+00	1.504105e-06
2.000000e-12	0.000000e+00	3.400000e-03	0.000000e+00	0.000000e+00	1.936126e-06
4.000000e-12	0.000000e+00	6.800000e-03	0.000000e+00	0.000000e+00	2.472381e-06
8.000000e-12	0.000000e+00	1.360000e-02	0.000000e+00	0.000000e+00	4.031496e-06
1.600000e-11	0.000000e+00	2.720000e-02	0.000000e+00	0.000000e+00	6.573120e-06
3.200000e-11	0.000000e+00	5.440000e-02	0.000000e+00	0.000000e+00	9.747841e-06
6.400000e-11	0.000000e+00	1.088000e-01	0.000000e+00	0.000000e+00	1.290549e-05
1.280000e-10	0.000000e+00	2.176000e-01	0.000000e+00	0.000000e+00	1.453046e-05
2.560000e-10	0.000000e+00	4.352000e-01	0.000000e+00	0.000000e+00	5.217081e-06
5.000000e-10	0.000000e+00	8.500000e-01	0.000000e+00	0.000000e+00	-2.729185e-05
5.256000e-10	0.000000e+00	8.500000e-01	0.000000e+00	0.000000e+00	-3.031256e-05
5.768000e-10	0.000000e+00	8.500000e-01	0.000000e+00	0.000000e+00	-2.069545e-05
6.792000e-10	0.000000e+00	8.500000e-01	0.000000e+00	0.000000e+00	1.208307e-05
8.840000e-10	0.000000e+00	8.500000e-01	0.000000e+00	0.000000e+00	1.283941e-05
1.293600e-09	0.000000e+00	8.500000e-01	0.000000e+00	0.000000e+00	-1.791763e-06
1.978896e-09	0.000000e+00	8.500000e-01	0.000000e+00	0.000000e+00	1.493615e-06
3.349489e-09	0.000000e+00	8.500000e-01	0.000000e+00	0.000000e+00	1.994206e-07
6.090673e-09	0.000000e+00	8.500000e-01	0.000000e+00	0.000000e+00	1.706181e-06
1.050000e-08	0.000000e+00	8.500000e-01	0.000000e+00	0.000000e+00	1.592588e-07
1.055000e-08	0.000000e+00	7.650000e-01	0.000000e+00	0.000000e+00	-9.936581e-06
1.065000e-08	0.000000e+00	5.950000e-01	0.000000e+00	0.000000e+00	-1.520067e-05
1.085000e-08	0.000000e+00	2.550000e-01	0.000000e+00	0.000000e+00	-4.453301e-06
1.100000e-08	0.000000e+00	0.000000e+00	0.000000e+00	0.000000e+00	1.303564e-05
1.104000e-08	0.000000e+00	0.000000e+00	0.000000e+00	0.000000e+00	2.551664e-05
1.112000e-08	0.000000e+00	0.000000e+00	0.000000e+00	0.000000e+00	3.727562e-05
1.128000e-08	0.000000e+00	0.000000e+00	0.000000e+00	0.000000e+00	1.793854e-05
1.160000e-08	0.000000e+00	0.000000e+00	0.000000e+00	0.000000e+00	-1.463190e-05
1.224000e-08	0.000000e+00	0.000000e+00	0.000000e+00	0.000000e+00	-1.950374e-06
1.352000e-08	0.000000e+00	0.000000e+00	0.000000e+00	0.000000e+00	6.184414e-06
1.507248e-08	0.000000e+00	0.000000e+00	0.000000e+00	0.000000e+00	-3.187257e-06
1.817743e-08	0.000000e+00	0.000000e+00	0.000000e+00	0.000000e+00	4.343802e-06
2.000000e-08	0.000000e+00	0.000000e+00	0.000000e+00	0.000000e+00	-1.352323e-06
2.005000e-08	0.000000e+00	8.500000e-02	0.000000e+00	0.000000e+00	5.832840e-06
2.015000e-08	0.000000e+00	2.550000e-01	0.000000e+00	0.000000e+00	1.416465e-05
2.035000e-08	0.000000e+00	5.950000e-01	0.000000e+00	0.000000e+00	-9.194904e-06
2.050000e-08	0.000000e+00	8.500000e-01	0.000000e+00	0.000000e+00	-2.555911e-05
2.054000e-08	0.000000e+00	8.500000e-01	0.000000e+00	0.000000e+00	-2.464373e-05
2.062000e-08	0.000000e+00	8.500000e-01	0.000000e+00	0.000000e+00	-3.103836e-06
2.078000e-08	0.000000e+00	8.500000e-01	0.000000e+00	0.000000e+00	1.897714e-05
2.110000e-08	0.000000e+00	8.500000e-01	0.000000e+00	0.000000e+00	5.581609e-07
2.172242e-08	0.000000e+00	8.500000e-01	0.000000e+00	0.000000e+00	7.770225e-07
2.271752e-08	0.000000e+00	8.500000e-01	0.000000e+00	0.000000e+00	2.804085e-07
2.470774e-08	0.000000e+00	8.500000e-01	0.000000e+00	0.000000e+00	1.720692e-06
2.500000e-08	0.000000e+00	8.500000e-01	0.000000e+00	0.000000e+00	4.104839e-07
2.505000e-08	8.500000e-02	8.500000e-01	8.500000e-02	0.000000e+00	1.284954e-03
2.515000e-08	2.550000e-01	8.500000e-01	2.550000e-01	0.000000e+00	4.545197e-03
2.535000e-08	5.950000e-01	8.500000e-01	5.950000e-01	0.000000e+00	1.884266e-02
2.550000e-08	8.500000e-01	8.500000e-01	8.500000e-01	0.000000e+00	1.409860e-02
2.554000e-08	8.500000e-01	8.500000e-01	8.500000e-01	0.000000e+00	6.997782e-03
2.562000e-08	8.500000e-01	8.500000e-01	8.500000e-01	0.000000e+00	1.368745e-04
2.578000e-08	8.500000e-01	8.500000e-01	8.500000e-01	0.000000e+00	-7.859813e-04
2.610000e-08	8.500000e-01	8.500000e-01	8.500000e-01	0.000000e+00	2.445970e-04
2.666993e-08	8.500000e-01	8.500000e-01	8.500000e-01	0.000000e+00	-1.023869e-04
2.764620e-08	8.500000e-01	8.500000e-01	8.500000e-01	0.000000e+00	1.030836e-04
2.895332e-08	8.500000e-01	8.500000e-01	8.500000e-01	0.000000e+00	-4.290942e-05
3.050000e-08	8.500000e-01	8.500000e-01	8.500000e-01	0.000000e+00	7.054763e-05
3.055000e-08	8.500000e-01	7.650000e-01	8.500000e-01	0.000000e+00	3.855445e-05
3.065000e-08	8.500000e-01	5.950000e-01	8.500000e-01	0.000000e+00	7.317348e-06
3.085000e-08	8.500000e-01	2.550000e-01	8.500000e-01	0.000000e+00	1.455006e-05
3.100000e-08	8.500000e-01	0.000000e+00	8.500000e-01	0.000000e+00	3.833397e-05
3.104000e-08	8.500000e-01	0.000000e+00	8.500000e-01	0.000000e+00	5.401694e-05
3.112000e-08	8.500000e-01	0.000000e+00	8.500000e-01	0.000000e+00	6.956272e-05
3.128000e-08	8.500000e-01	0.000000e+00	8.500000e-01	0.000000e+00	4.341150e-05
3.160000e-08	8.500000e-01	0.000000e+00	8.500000e-01	0.000000e+00	-6.078166e-06
3.224000e-08	8.500000e-01	0.000000e+00	8.500000e-01	0.000000e+00	1.917352e-05
3.352000e-08	8.500000e-01	0.000000e+00	8.500000e-01	0.000000e+00	2.709161e-05
3.511212e-08	8.500000e-01	0.000000e+00	8.500000e-01	0.000000e+00	1.265755e-05
3.744902e-08	8.500000e-01	0.000000e+00	8.500000e-01	0.000000e+00	2.768422e-05
4.000000e-08	8.500000e-01	0.000000e+00	8.500000e-01	0.000000e+00	1.346647e-05
4.005000e-08	8.500000e-01	8.500000e-02	8.500000e-01	0.000000e+00	2.511399e-05
4.015000e-08	8.500000e-01	2.550000e-01	8.500000e-01	0.000000e+00	5.087717e-05
4.035000e-08	8.500000e-01	5.950000e-01	8.500000e-01	0.000000e+00	1.255725e-04
4.050000e-08	8.500000e-01	8.500000e-01	8.500000e-01	0.000000e+00	1.257017e-04
4.054000e-08	8.500000e-01	8.500000e-01	8.500000e-01	0.000000e+00	1.875040e-05
4.062000e-08	8.500000e-01	8.500000e-01	8.500000e-01	0.000000e+00	-4.064590e-04
4.078000e-08	8.500000e-01	8.500000e-01	8.500000e-01	0.000000e+00	-2.144993e-03
4.110000e-08	8.500000e-01	8.500000e-01	8.500000e-01	0.000000e+00	-1.806426e-03
4.174000e-08	8.500000e-01	8.500000e-01	8.500000e-01	0.000000e+00	3.824987e-01
4.267319e-08	8.500000e-01	8.500000e-01	8.500000e-01	0.000000e+00	8.620991e-01
4.434170e-08	8.500000e-01	8.500000e-01	8.500000e-01	0.000000e+00	8.430625e-01
4.550000e-08	8.500000e-01	8.500000e-01	8.500000e-01	0.000000e+00	8.525512e-01
4.555000e-08	7.650000e-01	8.500000e-01	8.500000e-01	0.000000e+00	8.521325e-01
4.565000e-08	5.950000e-01	8.500000e-01	8.500000e-01	0.000000e+00	8.514237e-01
4.585000e-08	2.550000e-01	8.500000e-01	8.500000e-01	0.000000e+00	8.505414e-01
4.600000e-08	3.663736e-15	8.500000e-01	8.500000e-01	0.000000e+00	8.502014e-01
4.604000e-08	0.000000e+00	8.500000e-01	8.500000e-01	0.000000e+00	8.501714e-01
4.612000e-08	0.000000e+00	8.500000e-01	8.500000e-01	0.000000e+00	8.501575e-01
4.628000e-08	0.000000e+00	8.500000e-01	8.500000e-01	0.000000e+00	8.501063e-01
4.660000e-08	0.000000e+00	8.500000e-01	8.500000e-01	0.000000e+00	8.499634e-01
4.724000e-08	0.000000e+00	8.500000e-01	8.500000e-01	0.000000e+00	8.499082e-01
4.805878e-08	0.000000e+00	8.500000e-01	8.500000e-01	0.000000e+00	8.499172e-01
4.957672e-08	0.000000e+00	8.500000e-01	8.500000e-01	0.000000e+00	8.499137e-01
5.050000e-08	0.000000e+00	8.500000e-01	8.500000e-01	0.000000e+00	8.499154e-01
5.055000e-08	0.000000e+00	7.650000e-01	8.500000e-01	0.000000e+00	8.499079e-01
5.065000e-08	0.000000e+00	5.950000e-01	8.500000e-01	0.000000e+00	8.498924e-01
5.085000e-08	0.000000e+00	2.550000e-01	8.500000e-01	0.000000e+00	8.499009e-01
5.100000e-08	0.000000e+00	1.221245e-14	8.500000e-01	0.000000e+00	8.499365e-01
5.104000e-08	0.000000e+00	0.000000e+00	8.500000e-01	0.000000e+00	8.499566e-01
5.112000e-08	0.000000e+00	0.000000e+00	8.500000e-01	0.000000e+00	8.499704e-01
5.128000e-08	0.000000e+00	0.000000e+00	8.500000e-01	0.000000e+00	8.499319e-01
5.160000e-08	0.000000e+00	0.000000e+00	8.500000e-01	0.000000e+00	8.498900e-01
5.224000e-08	0.000000e+00	0.000000e+00	8.500000e-01	0.000000e+00	8.499185e-01
5.352000e-08	0.000000e+00	0.000000e+00	8.500000e-01	0.000000e+00	8.499138e-01
5.498062e-08	0.000000e+00	0.000000e+00	8.500000e-01	0.000000e+00	8.499211e-01
5.778971e-08	0.000000e+00	0.000000e+00	8.500000e-01	0.000000e+00	8.499128e-01
6.000000e-08	0.000000e+00	0.000000e+00	8.500000e-01	0.000000e+00	8.499162e-01
6.005000e-08	0.000000e+00	8.500000e-02	8.500000e-01	0.000000e+00	8.499374e-01
6.015000e-08	0.000000e+00	2.550000e-01	8.500000e-01	0.000000e+00	8.499441e-01
6.035000e-08	0.000000e+00	5.950000e-01	8.500000e-01	0.000000e+00	8.497684e-01
6.050000e-08	0.000000e+00	8.500000e-01	8.500000e-01	0.000000e+00	8.495659e-01
6.054000e-08	0.000000e+00	8.500000e-01	8.500000e-01	0.000000e+00	8.496471e-01
6.062000e-08	0.000000e+00	8.500000e-01	8.500000e-01	0.000000e+00	8.501528e-01
6.078000e-08	0.000000e+00	8.500000e-01	8.500000e-01	0.000000e+00	8.527339e-01
6.110000e-08	0.000000e+00	8.500000e-01	8.500000e-01	0.000000e+00	8.376689e-01
6.169901e-08	0.000000e+00	8.500000e-01	8.500000e-01	0.000000e+00	2.616960e-01
6.276446e-08	0.000000e+00	8.500000e-01	8.500000e-01	0.000000e+00	-8.893398e-02
6.393767e-08	0.000000e+00	8.500000e-01	8.500000e-01	0.000000e+00	7.267939e-02
6.500000e-08	0.000000e+00	8.500000e-01	8.500000e-01	0.000000e+00	-4.421270e-02
6.505000e-08	8.500000e-02	8.500000e-01	8.500000e-01	0.000000e+00	-2.900060e-02
6.515000e-08	2.550000e-01	8.500000e-01	8.500000e-01	0.000000e+00	-9.033526e-03
6.535000e-08	5.950000e-01	8.500000e-01	8.500000e-01	0.000000e+00	2.323075e-04
6.550000e-08	8.500000e-01	8.500000e-01	8.500000e-01	0.000000e+00	2.377215e-05
6.554000e-08	8.500000e-01	8.500000e-01	8.500000e-01	0.000000e+00	-5.200095e-05
6.562000e-08	8.500000e-01	8.500000e-01	8.500000e-01	0.000000e+00	-9.544567e-05
6.578000e-08	8.500000e-01	8.500000e-01	8.500000e-01	0.000000e+00	-1.873613e-05
6.610000e-08	8.500000e-01	8.500000e-01	8.500000e-01	0.000000e+00	2.301989e-05
6.674000e-08	8.500000e-01	8.500000e-01	8.500000e-01	0.000000e+00	1.089100e-05
6.785496e-08	8.500000e-01	8.500000e-01	8.500000e-01	0.000000e+00	2.739458e-05
6.899788e-08	8.500000e-01	8.500000e-01	8.500000e-01	0.000000e+00	1.411608e-05
7.050000e-08	8.500000e-01	8.500000e-01	8.500000e-01	0.000000e+00	2.564842e-05
7.055000e-08	8.500000e-01	7.650000e-01	8.500000e-01	0.000000e+00	9.266202e-06
7.065000e-08	8.500000e-01	5.950000e-01	8.500000e-01	0.000000e+00	-1.926890e-06
7.085000e-08	8.500000e-01	2.550000e-01	8.500000e-01	0.000000e+00	1.432943e-05
7.100000e-08	8.500000e-01	1.221245e-14	8.500000e-01	0.000000e+00	3.817045e-05
7.104000e-08	8.500000e-01	0.000000e+00	8.500000e-01	0.000000e+00	5.267555e-05
7.112000e-08	8.500000e-01	0.000000e+00	8.500000e-01	0.000000e+00	6.821061e-05
7.128000e-08	8.500000e-01	0.000000e+00	8.500000e-01	0.000000e+00	4.342916e-05
7.160000e-08	8.500000e-01	0.000000e+00	8.500000e-01	0.000000e+00	-5.733176e-06
7.224000e-08	8.500000e-01	0.000000e+00	8.500000e-01	0.000000e+00	1.960384e-05
7.352000e-08	8.500000e-01	0.000000e+00	8.500000e-01	0.000000e+00	2.652899e-05
7.511234e-08	8.500000e-01	0.000000e+00	8.500000e-01	0.000000e+00	1.327003e-05
7.744958e-08	8.500000e-01	0.000000e+00	8.500000e-01	0.000000e+00	2.711893e-05
8.000000e-08	8.500000e-01	0.000000e+00	8.500000e-01	0.000000e+00	1.403093e-05
8.005000e-08	8.500000e-01	8.500000e-02	8.500000e-01	0.000000e+00	2.533725e-05
8.015000e-08	8.500000e-01	2.550000e-01	8.500000e-01	0.000000e+00	4.807992e-05
8.035000e-08	8.500000e-01	5.950000e-01	8.500000e-01	0.000000e+00	1.151457e-04
8.050000e-08	8.500000e-01	8.500000e-01	8.500000e-01	0.000000e+00	1.038153e-04
8.054000e-08	8.500000e-01	8.500000e-01	8.500000e-01	0.000000e+00	3.002077e-06
8.062000e-08	8.500000e-01	8.500000e-01	8.500000e-01	0.000000e+00	-3.661550e-04
8.078000e-08	8.500000e-01	8.500000e-01	8.500000e-01	0.000000e+00	-2.141004e-03
8.110000e-08	8.500000e-01	8.500000e-01	8.500000e-01	0.000000e+00	-1.806427e-03
8.174000e-08	8.500000e-01	8.500000e-01	8.500000e-01	0.000000e+00	3.824987e-01
8.267319e-08	8.500000e-01	8.500000e-01	8.500000e-01	0.000000e+00	8.620993e-01
8.434168e-08	8.500000e-01	8.500000e-01	8.500000e-01	0.000000e+00	8.430623e-01
8.550000e-08	8.500000e-01	8.500000e-01	8.500000e-01	0.000000e+00	8.525514e-01
8.555000e-08	7.650000e-01	8.500000e-01	7.650000e-01	0.000000e+00	8.508720e-01
8.565000e-08	5.950000e-01	8.500000e-01	5.950000e-01	0.000000e+00	8.447056e-01
8.585000e-08	2.550000e-01	8.500000e-01	2.550000e-01	0.000000e+00	8.157760e-01
8.600000e-08	2.053913e-14	8.500000e-01	2.620126e-14	0.000000e+00	7.877726e-01
8.604000e-08	0.000000e+00	8.500000e-01	0.000000e+00	0.000000e+00	7.862859e-01
8.612000e-08	0.000000e+00	8.500000e-01	0.000000e+00	0.000000e+00	7.862930e-01
8.628000e-08	0.000000e+00	8.500000e-01	0.000000e+00	0.000000e+00	7.951818e-01
8.660000e-08	0.000000e+00	8.500000e-01	0.000000e+00	0.000000e+00	8.154623e-01
8.724000e-08	0.000000e+00	8.500000e-01	0.000000e+00	0.000000e+00	8.375260e-01
8.833635e-08	0.000000e+00	8.500000e-01	0.000000e+00	0.000000e+00	8.485645e-01
8.992072e-08	0.000000e+00	8.500000e-01	0.000000e+00	0.000000e+00	8.501266e-01
9.050000e-08	0.000000e+00	8.500000e-01	0.000000e+00	0.000000e+00	8.499813e-01
9.055000e-08	0.000000e+00	7.650000e-01	0.000000e+00	0.000000e+00	8.499745e-01
9.065000e-08	0.000000e+00	5.950000e-01	0.000000e+00	0.000000e+00	8.499580e-01
9.085000e-08	0.000000e+00	2.550000e-01	0.000000e+00	0.000000e+00	8.499463e-01
9.100000e-08	0.000000e+00	1.221245e-14	0.000000e+00	0.000000e+00	8.499514e-01
9.104000e-08	0.000000e+00	0.000000e+00	0.000000e+00	0.000000e+00	8.499569e-01
9.112000e-08	0.000000e+00	0.000000e+00	0.000000e+00	0.000000e+00	8.499442e-01
9.128000e-08	0.000000e+00	0.000000e+00	0.000000e+00	0.000000e+00	8.498788e-01
9.160000e-08	0.000000e+00	0.000000e+00	0.000000e+00	0.000000e+00	8.498248e-01
9.224000e-08	0.000000e+00	0.000000e+00	0.000000e+00	0.000000e+00	8.498308e-01
9.352000e-08	0.000000e+00	0.000000e+00	0.000000e+00	0.000000e+00	8.498261e-01
9.507245e-08	0.000000e+00	0.000000e+00	0.000000e+00	0.000000e+00	8.499260e-01
9.817735e-08	0.000000e+00	0.000000e+00	0.000000e+00	0.000000e+00	8.499581e-01
1.000000e-07	0.000000e+00	0.000000e+00	0.000000e+00	0.000000e+00	8.499095e-01
1.000500e-07	0.000000e+00	8.500000e-02	0.000000e+00	0.000000e+00	8.499204e-01
1.001500e-07	0.000000e+00	2.550000e-01	0.000000e+00	0.000000e+00	8.499127e-01
1.003500e-07	0.000000e+00	5.950000e-01	0.000000e+00	0.000000e+00	8.498470e-01
1.005000e-07	0.000000e+00	8.500000e-01	0.000000e+00	0.000000e+00	8.497865e-01
1.005400e-07	0.000000e+00	8.500000e-01	0.000000e+00	0.000000e+00	8.497816e-01
1.006200e-07	0.000000e+00	8.500000e-01	0.000000e+00	0.000000e+00	8.497898e-01
1.007800e-07	0.000000e+00	8.500000e-01	0.000000e+00	0.000000e+00	8.498215e-01
1.011000e-07	0.000000e+00	8.500000e-01	0.000000e+00	0.000000e+00	8.498223e-01
1.017226e-07	0.000000e+00	8.500000e-01	0.000000e+00	0.000000e+00	8.498277e-01
1.027175e-07	0.000000e+00	8.500000e-01	0.000000e+00	0.000000e+00	8.498553e-01
1.047074e-07	0.000000e+00	8.500000e-01	0.000000e+00	0.000000e+00	8.498607e-01
1.050000e-07	0.000000e+00	8.500000e-01	0.000000e+00	0.000000e+00	8.498792e-01
1.050500e-07	8.500000e-02	8.500000e-01	0.000000e+00	0.000000e+00	8.498980e-01
1.051500e-07	2.550000e-01	8.500000e-01	0.000000e+00	0.000000e+00	8.499295e-01
1.053500e-07	5.950000e-01	8.500000e-01	0.000000e+00	0.000000e+00	8.499618e-01
1.055000e-07	8.500000e-01	8.500000e-01	0.000000e+00	0.000000e+00	8.499619e-01
1.055400e-07	8.500000e-01	8.500000e-01	0.000000e+00	0.000000e+00	8.499545e-01
1.056200e-07	8.500000e-01	8.500000e-01	0.000000e+00	0.000000e+00	8.499393e-01
1.057800e-07	8.500000e-01	8.500000e-01	0.000000e+00	0.000000e+00	8.499400e-01
1.061000e-07	8.500000e-01	8.500000e-01	0.000000e+00	0.000000e+00	8.499476e-01
1.067400e-07	8.500000e-01	8.500000e-01	0.000000e+00	0.000000e+00	8.499562e-01
1.080200e-07	8.500000e-01	8.500000e-01	0.000000e+00	0.000000e+00	8.499617e-01
1.105000e-07	8.500000e-01	8.500000e-01	0.000000e+00	0.000000e+00	8.499593e-01
1.105500e-07	8.500000e-01	7.650000e-01	0.000000e+00	0.000000e+00	8.499547e-01
1.106500e-07	8.500000e-01	5.950000e-01	0.000000e+00	0.000000e+00	8.499459e-01
1.108500e-07	8.500000e-01	2.550000e-01	0.000000e+00	0.000000e+00	8.499584e-01
1.110000e-07	8.500000e-01	1.221245e-14	0.000000e+00	0.000000e+00	8.499848e-01
1.110400e-07	8.500000e-01	0.000000e+00	0.000000e+00	0.000000e+00	8.500009e-01
1.111200e-07	8.500000e-01	0.000000e+00	0.000000e+00	0.000000e+00	8.500114e-01
1.112800e-07	8.500000e-01	0.000000e+00	0.000000e+00	0.000000e+00	8.499839e-01
1.116000e-07	8.500000e-01	0.000000e+00	0.000000e+00	0.000000e+00	8.499547e-01
1.122400e-07	8.500000e-01	0.000000e+00	0.000000e+00	0.000000e+00	8.499692e-01
1.135200e-07	8.500000e-01	0.000000e+00	0.000000e+00	0.000000e+00	8.499592e-01
1.150724e-07	8.500000e-01	0.000000e+00	0.000000e+00	0.000000e+00	8.499624e-01
1.181773e-07	8.500000e-01	0.000000e+00	0.000000e+00	0.000000e+00	8.499582e-01
1.200000e-07	8.500000e-01	0.000000e+00	0.000000e+00	0.000000e+00	8.499617e-01
1.200500e-07	8.500000e-01	8.500000e-02	0.000000e+00	0.000000e+00	8.499819e-01
1.201500e-07	8.500000e-01	2.550000e-01	0.000000e+00	0.000000e+00	8.499978e-01
1.203500e-07	8.500000e-01	5.950000e-01	0.000000e+00	0.000000e+00	8.499735e-01
1.205000e-07	8.500000e-01	8.500000e-01	0.000000e+00	0.000000e+00	8.499279e-01
1.205400e-07	8.500000e-01	8.500000e-01	0.000000e+00	0.000000e+00	8.499282e-01
1.206200e-07	8.500000e-01	8.500000e-01	0.000000e+00	0.000000e+00	8.499480e-01
1.207800e-07	8.500000e-01	8.500000e-01	0.000000e+00	0.000000e+00	8.499971e-01
1.211000e-07	8.500000e-01	8.500000e-01	0.000000e+00	0.000000e+00	8.499969e-01
1.217226e-07	8.500000e-01	8.500000e-01	0.000000e+00	0.000000e+00	8.499683e-01
1.227175e-07	8.500000e-01	8.500000e-01	0.000000e+00	0.000000e+00	8.499695e-01
1.247074e-07	8.500000e-01	8.500000e-01	0.000000e+00	0.000000e+00	8.499584e-01
1.255000e-07	8.500000e-01	8.500000e-01	0.000000e+00	0.000000e+00	8.499651e-01
1.255500e-07	7.650000e-01	8.500000e-01	0.000000e+00	0.000000e+00	8.499499e-01
1.256500e-07	5.950000e-01	8.500000e-01	0.000000e+00	0.000000e+00	8.499252e-01
1.258500e-07	2.550000e-01	8.500000e-01	0.000000e+00	0.000000e+00	8.499056e-01
1.260000e-07	0.000000e+00	8.500000e-01	0.000000e+00	0.000000e+00	8.499036e-01
1.260400e-07	0.000000e+00	8.500000e-01	0.000000e+00	0.000000e+00	8.499093e-01
1.261200e-07	0.000000e+00	8.500000e-01	0.000000e+00	0.000000e+00	8.499265e-01
1.262800e-07	0.000000e+00	8.500000e-01	0.000000e+00	0.000000e+00	8.499233e-01
1.266000e-07	0.000000e+00	8.500000e-01	0.000000e+00	0.000000e+00	8.499206e-01
1.272400e-07	0.000000e+00	8.500000e-01	0.000000e+00	0.000000e+00	8.499329e-01
1.285200e-07	0.000000e+00	8.500000e-01	0.000000e+00	0.000000e+00	8.499401e-01
1.305000e-07	0.000000e+00	8.500000e-01	0.000000e+00	0.000000e+00	8.499538e-01
1.305500e-07	0.000000e+00	7.650000e-01	0.000000e+00	0.000000e+00	8.499478e-01
1.306500e-07	0.000000e+00	5.950000e-01	0.000000e+00	0.000000e+00	8.499394e-01
1.308500e-07	0.000000e+00	2.550000e-01	0.000000e+00	0.000000e+00	8.499510e-01
1.310000e-07	0.000000e+00	0.000000e+00	0.000000e+00	0.000000e+00	8.499725e-01
1.310400e-07	0.000000e+00	0.000000e+00	0.000000e+00	0.000000e+00	8.499857e-01
1.311200e-07	0.000000e+00	0.000000e+00	0.000000e+00	0.000000e+00	8.499894e-01
1.312800e-07	0.000000e+00	0.000000e+00	0.000000e+00	0.000000e+00	8.499492e-01
1.316000e-07	0.000000e+00	0.000000e+00	0.000000e+00	0.000000e+00	8.499069e-01
1.322400e-07	0.000000e+00	0.000000e+00	0.000000e+00	0.000000e+00	8.498940e-01
1.335200e-07	0.000000e+00	0.000000e+00	0.000000e+00	0.000000e+00	8.498735e-01
1.350724e-07	0.000000e+00	0.000000e+00	0.000000e+00	0.000000e+00	8.498747e-01
1.381773e-07	0.000000e+00	0.000000e+00	0.000000e+00	0.000000e+00	8.499205e-01
1.400000e-07	0.000000e+00	0.000000e+00	0.000000e+00	0.000000e+00	8.499209e-01
1.400500e-07	0.000000e+00	8.500000e-02	0.000000e+00	0.000000e+00	8.499398e-01
1.401500e-07	0.000000e+00	2.550000e-01	0.000000e+00	0.000000e+00	8.499578e-01
1.403500e-07	0.000000e+00	5.950000e-01	0.000000e+00	0.000000e+00	8.499442e-01
1.405000e-07	0.000000e+00	8.500000e-01	0.000000e+00	0.000000e+00	8.499024e-01
1.405400e-07	0.000000e+00	8.500000e-01	0.000000e+00	0.000000e+00	8.499038e-01
1.406200e-07	0.000000e+00	8.500000e-01	0.000000e+00	0.000000e+00	8.499264e-01
1.407800e-07	0.000000e+00	8.500000e-01	0.000000e+00	0.000000e+00	8.499815e-01
1.411000e-07	0.000000e+00	8.500000e-01	0.000000e+00	0.000000e+00	8.499834e-01
1.417226e-07	0.000000e+00	8.500000e-01	0.000000e+00	0.000000e+00	8.499473e-01
1.427175e-07	0.000000e+00	8.500000e-01	0.000000e+00	0.000000e+00	8.499480e-01
1.447074e-07	0.000000e+00	8.500000e-01	0.000000e+00	0.000000e+00	8.499306e-01
1.450000e-07	0.000000e+00	8.500000e-01	0.000000e+00	0.000000e+00	8.499431e-01
1.450500e-07	8.500000e-02	8.500000e-01	8.500000e-02	8.500000e-02	8.540023e-01
1.451500e-07	2.550000e-01	8.500000e-01	2.550000e-01	2.550000e-01	8.609544e-01
1.453500e-07	5.950000e-01	8.500000e-01	5.950000e-01	5.950000e-01	8.668019e-01
1.455000e-07	8.500000e-01	8.500000e-01	8.500000e-01	8.500000e-01	8.613700e-01
1.455400e-07	8.500000e-01	8.500000e-01	8.500000e-01	8.500000e-01	8.589320e-01
1.456200e-07	8.500000e-01	8.500000e-01	8.500000e-01	8.500000e-01	8.553093e-01
1.457800e-07	8.500000e-01	8.500000e-01	8.500000e-01	8.500000e-01	8.521491e-01
1.461000e-07	8.500000e-01	8.500000e-01	8.500000e-01	8.500000e-01	8.503608e-01
1.466776e-07	8.500000e-01	8.500000e-01	8.500000e-01	8.500000e-01	8.498886e-01
1.474835e-07	8.500000e-01	8.500000e-01	8.500000e-01	8.500000e-01	8.499708e-01
1.489933e-07	8.500000e-01	8.500000e-01	8.500000e-01	8.500000e-01	8.499515e-01
1.504744e-07	8.500000e-01	8.500000e-01	8.500000e-01	8.500000e-01	8.499626e-01
1.505000e-07	8.500000e-01	8.500000e-01	8.500000e-01	8.500000e-01	8.499614e-01
1.505500e-07	8.500000e-01	7.650000e-01	8.500000e-01	8.500000e-01	8.499523e-01
1.506500e-07	8.500000e-01	5.950000e-01	8.500000e-01	8.500000e-01	8.499361e-01
1.508500e-07	8.500000e-01	2.550000e-01	8.500000e-01	8.500000e-01	8.499452e-01
1.510000e-07	8.500000e-01	0.000000e+00	8.500000e-01	8.500000e-01	8.499804e-01
1.510400e-07	8.500000e-01	0.000000e+00	8.500000e-01	8.500000e-01	8.500007e-01
1.511200e-07	8.500000e-01	0.000000e+00	8.500000e-01	8.500000e-01	8.500150e-01
1.512800e-07	8.500000e-01	0.000000e+00	8.500000e-01	8.500000e-01	8.499756e-01
1.516000e-07	8.500000e-01	0.000000e+00	8.500000e-01	8.500000e-01	8.499330e-01
1.522400e-07	8.500000e-01	0.000000e+00	8.500000e-01	8.500000e-01	8.499627e-01
1.535200e-07	8.500000e-01	0.000000e+00	8.500000e-01	8.500000e-01	8.499576e-01
1.549806e-07	8.500000e-01	0.000000e+00	8.500000e-01	8.500000e-01	8.499593e-01
1.577897e-07	8.500000e-01	0.000000e+00	8.500000e-01	8.500000e-01	8.499577e-01
1.600000e-07	8.500000e-01	0.000000e+00	8.500000e-01	8.500000e-01	8.499591e-01
1.600500e-07	8.500000e-01	8.500000e-02	8.500000e-01	8.500000e-01	8.499800e-01
1.601500e-07	8.500000e-01	2.550000e-01	8.500000e-01	8.500000e-01	8.499867e-01
1.603500e-07	8.500000e-01	5.950000e-01	8.500000e-01	8.500000e-01	8.498117e-01
1.605000e-07	8.500000e-01	8.500000e-01	8.500000e-01	8.500000e-01	8.496057e-01
1.605400e-07	8.500000e-01	8.500000e-01	8.500000e-01	8.500000e-01	8.496964e-01
1.606200e-07	8.500000e-01	8.500000e-01	8.500000e-01	8.500000e-01	8.502009e-01
1.607800e-07	8.500000e-01	8.500000e-01	8.500000e-01	8.500000e-01	8.527798e-01
1.611000e-07	8.500000e-01	8.500000e-01	8.500000e-01	8.500000e-01	8.376998e-01
1.616990e-07	8.500000e-01	8.500000e-01	8.500000e-01	8.500000e-01	2.617293e-01
1.627645e-07	8.500000e-01	8.500000e-01	8.500000e-01	8.500000e-01	-8.875862e-02
1.639376e-07	8.500000e-01	8.500000e-01	8.500000e-01	8.500000e-01	7.265041e-02
1.655000e-07	8.500000e-01	8.500000e-01	8.500000e-01	8.500000e-01	-5.002863e-02
1.655500e-07	7.650000e-01	8.500000e-01	8.500000e-01	8.500000e-01	-3.293326e-02
1.656500e-07	5.950000e-01	8.500000e-01	8.500000e-01	8.500000e-01	-1.039547e-02
1.658500e-07	2.550000e-01	8.500000e-01	8.500000e-01	8.500000e-01	1.566898e-04
1.660000e-07	0.000000e+00	8.500000e-01	8.500000e-01	8.500000e-01	-1.993031e-04
1.660400e-07	0.000000e+00	8.500000e-01	8.500000e-01	8.500000e-01	-1.400107e-04
1.661200e-07	0.000000e+00	8.500000e-01	8.500000e-01	8.500000e-01	7.265622e-07
1.662800e-07	0.000000e+00	8.500000e-01	8.500000e-01	8.500000e-01	4.644571e-05
1.666000e-07	0.000000e+00	8.500000e-01	8.500000e-01	8.500000e-01	-7.984077e-06
1.672400e-07	0.000000e+00	8.500000e-01	8.500000e-01	8.500000e-01	1.470261e-05
1.684544e-07	0.000000e+00	8.500000e-01	8.500000e-01	8.500000e-01	-1.169761e-05
1.705000e-07	0.000000e+00	8.500000e-01	8.500000e-01	8.500000e-01	1.303713e-05
1.705500e-07	0.000000e+00	7.650000e-01	8.500000e-01	8.500000e-01	-7.003407e-06
1.706500e-07	0.000000e+00	5.950000e-01	8.500000e-01	8.500000e-01	-2.183199e-05
1.708500e-07	0.000000e+00	2.550000e-01	8.500000e-01	8.500000e-01	-4.152842e-06
1.710000e-07	0.000000e+00	0.000000e+00	8.500000e-01	8.500000e-01	2.022115e-05
1.710400e-07	0.000000e+00	0.000000e+00	8.500000e-01	8.500000e-01	3.498962e-05
1.711200e-07	0.000000e+00	0.000000e+00	8.500000e-01	8.500000e-01	4.980586e-05
1.712800e-07	0.000000e+00	0.000000e+00	8.500000e-01	8.500000e-01	2.271774e-05
1.716000e-07	0.000000e+00	0.000000e+00	8.500000e-01	8.500000e-01	-2.693458e-05
1.722400e-07	0.000000e+00	0.000000e+00	8.500000e-01	8.500000e-01	3.006524e-06
1.735200e-07	0.000000e+00	0.000000e+00	8.500000e-01	8.500000e-01	5.121494e-06
1.750725e-07	0.000000e+00	0.000000e+00	8.500000e-01	8.500000e-01	-4.200885e-06
1.781774e-07	0.000000e+00	0.000000e+00	8.500000e-01	8.500000e-01	5.878839e-06
1.800000e-07	0.000000e+00	0.000000e+00	8.500000e-01	8.500000e-01	-3.337096e-06
1.800500e-07	0.000000e+00	8.500000e-02	8.500000e-01	8.500000e-01	4.987617e-06
1.801500e-07	0.000000e+00	2.550000e-01	8.500000e-01	8.500000e-01	1.671897e-05
1.803500e-07	0.000000e+00	5.950000e-01	8.500000e-01	8.500000e-01	-1.147713e-05
1.805000e-07	0.000000e+00	8.500000e-01	8.500000e-01	8.500000e-01	-3.635011e-05
1.805400e-07	0.000000e+00	8.500000e-01	8.500000e-01	8.500000e-01	-3.528027e-05
1.806200e-07	0.000000e+00	8.500000e-01	8.500000e-01	8.500000e-01	-6.096700e-06
1.807800e-07	0.000000e+00	8.500000e-01	8.500000e-01	8.500000e-01	3.016747e-05
1.811000e-07	0.000000e+00	8.500000e-01	8.500000e-01	8.500000e-01	5.143292e-07
1.817224e-07	0.000000e+00	8.500000e-01	8.500000e-01	8.500000e-01	-2.778070e-06
1.827175e-07	0.000000e+00	8.500000e-01	8.500000e-01	8.500000e-01	4.018534e-06
1.847077e-07	0.000000e+00	8.500000e-01	8.500000e-01	8.500000e-01	-1.822410e-06
1.850000e-07	0.000000e+00	8.500000e-01	8.500000e-01	8.500000e-01	2.264284e-06
1.850500e-07	8.500000e-02	8.500000e-01	8.500000e-01	8.500000e-01	4.980568e-05
1.851500e-07	2.550000e-01	8.500000e-01	8.500000e-01	8.500000e-01	7.872371e-05
1.853500e-07	5.950000e-01	8.500000e-01	8.500000e-01	8.500000e-01	1.249845e-04
1.855000e-07	8.500000e-01	8.500000e-01	8.500000e-01	8.500000e-01	4.786740e-05
1.855400e-07	8.500000e-01	8.500000e-01	8.500000e-01	8.500000e-01	-2.084461e-05
1.856200e-07	8.500000e-01	8.500000e-01	8.500000e-01	8.500000e-01	-7.003538e-05
1.857800e-07	8.500000e-01	8.500000e-01	8.500000e-01	8.500000e-01	-6.061152e-06
1.861000e-07	8.500000e-01	8.500000e-01	8.500000e-01	8.500000e-01	2.397708e-05
1.867400e-07	8.500000e-01	8.500000e-01	8.500000e-01	8.500000e-01	9.189152e-06
1.880200e-07	8.500000e-01	8.500000e-01	8.500000e-01	8.500000e-01	2.915328e-05
1.905000e-07	8.500000e-01	8.500000e-01	8.500000e-01	8.500000e-01	1.219546e-05
1.905500e-07	8.500000e-01	7.650000e-01	8.500000e-01	8.500000e-01	2.002212e-06
1.906500e-07	8.500000e-01	5.950000e-01	8.500000e-01	8.500000e-01	-2.931931e-06
1.908500e-07	8.500000e-01	2.550000e-01	8.500000e-01	8.500000e-01	1.474530e-05
1.910000e-07	8.500000e-01	0.000000e+00	8.500000e-01	8.500000e-01	3.979987e-05
1.910400e-07	8.500000e-01	0.000000e+00	8.500000e-01	8.500000e-01	5.511216e-05
1.911200e-07	8.500000e-01	0.000000e+00	8.500000e-01	8.500000e-01	6.999375e-05
1.912800e-07	8.500000e-01	0.000000e+00	8.500000e-01	8.500000e-01	4.146754e-05
1.916000e-07	8.500000e-01	0.000000e+00	8.500000e-01	8.500000e-01	-7.872061e-06
1.922400e-07	8.500000e-01	0.000000e+00	8.500000e-01	8.500000e-01	2.178994e-05
1.935200e-07	8.500000e-01	0.000000e+00	8.500000e-01	8.500000e-01	2.511530e-05
1.950725e-07	8.500000e-01	0.000000e+00	8.500000e-01	8.500000e-01	1.425126e-05
1.955000e-07	8.500000e-01	0.000000e+00	8.500000e-01	8.500000e-01	2.304679e-05
1.955500e-07	8.500000e-01	0.000000e+00	8.500000e-01	7.650000e-01	1.989917e-05
1.956500e-07	8.500000e-01	0.000000e+00	8.500000e-01	5.950000e-01	1.967659e-05
1.958500e-07	8.500000e-01	0.000000e+00	8.500000e-01	2.550000e-01	2.114467e-05
1.960000e-07	8.500000e-01	0.000000e+00	8.500000e-01	0.000000e+00	2.026574e-05
1.960400e-07	8.500000e-01	0.000000e+00	8.500000e-01	0.000000e+00	1.891284e-05
1.961200e-07	8.500000e-01	0.000000e+00	8.500000e-01	0.000000e+00	1.706033e-05
1.962800e-07	8.500000e-01	0.000000e+00	8.500000e-01	0.000000e+00	1.424291e-05
1.966000e-07	8.500000e-01	0.000000e+00	8.500000e-01	0.000000e+00	2.610573e-05
1.971738e-07	8.500000e-01	0.000000e+00	8.500000e-01	0.000000e+00	1.672515e-05
1.979658e-07	8.500000e-01	0.000000e+00	8.500000e-01	0.000000e+00	2.211442e-05
1.993355e-07	8.500000e-01	0.000000e+00	8.500000e-01	0.000000e+00	1.876770e-05
2.000000e-07	8.500000e-01	0.000000e+00	8.500000e-01	0.000000e+00	2.088706e-05
2.000500e-07	8.500000e-01	8.500000e-02	8.500000e-01	0.000000e+00	3.001189e-05
2.001500e-07	8.500000e-01	2.550000e-01	8.500000e-01	0.000000e+00	5.257256e-05
2.003500e-07	8.500000e-01	5.950000e-01	8.500000e-01	0.000000e+00	1.257185e-04
2.005000e-07	8.500000e-01	8.500000e-01	8.500000e-01	0.000000e+00	1.258878e-04
2.005400e-07	8.500000e-01	8.500000e-01	8.500000e-01	0.000000e+00	1.892172e-05
2.006200e-07	8.500000e-01	8.500000e-01	8.500000e-01	0.000000e+00	-4.079253e-04
2.007800e-07	8.500000e-01	8.500000e-01	8.500000e-01	0.000000e+00	-2.156640e-03
2.011000e-07	8.500000e-01	8.500000e-01	8.500000e-01	0.000000e+00	-1.722380e-03
2.017400e-07	8.500000e-01	8.500000e-01	8.500000e-01	0.000000e+00	3.834818e-01
2.026727e-07	8.500000e-01	8.500000e-01	8.500000e-01	0.000000e+00	8.625098e-01
2.043408e-07	8.500000e-01	8.500000e-01	8.500000e-01	0.000000e+00	8.428116e-01
2.055000e-07	8.500000e-01	8.500000e-01	8.500000e-01	0.000000e+00	8.526664e-01
2.055500e-07	7.650000e-01	8.500000e-01	7.650000e-01	0.000000e+00	8.509615e-01
2.056500e-07	5.950000e-01	8.500000e-01	5.950000e-01	0.000000e+00	8.447540e-01
2.058500e-07	2.550000e-01	8.500000e-01	2.550000e-01	0.000000e+00	8.157928e-01
2.060000e-07	0.000000e+00	8.500000e-01	0.000000e+00	0.000000e+00	7.877779e-01
2.060400e-07	0.000000e+00	8.500000e-01	0.000000e+00	0.000000e+00	7.862904e-01
2.061200e-07	0.000000e+00	8.500000e-01	0.000000e+00	0.000000e+00	7.862960e-01
2.062800e-07	0.000000e+00	8.500000e-01	0.000000e+00	0.000000e+00	7.951833e-01
2.066000e-07	0.000000e+00	8.500000e-01	0.000000e+00	0.000000e+00	8.154630e-01
2.072400e-07	0.000000e+00	8.500000e-01	0.000000e+00	0.000000e+00	8.375263e-01
2.083364e-07	0.000000e+00	8.500000e-01	0.000000e+00	0.000000e+00	8.485645e-01
2.099207e-07	0.000000e+00	8.500000e-01	0.000000e+00	0.000000e+00	8.501267e-01
2.105000e-07	0.000000e+00	8.500000e-01	0.000000e+00	0.000000e+00	8.499800e-01
2.105500e-07	0.000000e+00	7.650000e-01	0.000000e+00	0.000000e+00	8.499735e-01
2.106500e-07	0.000000e+00	5.950000e-01	0.000000e+00	0.000000e+00	8.499576e-01
2.108500e-07	0.000000e+00	2.550000e-01	0.000000e+00	0.000000e+00	8.499467e-01
2.110000e-07	0.000000e+00	0.000000e+00	0.000000e+00	0.000000e+00	8.499523e-01
2.110400e-07	0.000000e+00	0.000000e+00	0.000000e+00	0.000000e+00	8.499581e-01
2.111200e-07	0.000000e+00	0.000000e+00	0.000000e+00	0.000000e+00	8.499461e-01
2.112800e-07	0.000000e+00	0.000000e+00	0.000000e+00	0.000000e+00	8.498810e-01
2.116000e-07	0.000000e+00	0.000000e+00	0.000000e+00	0.000000e+00	8.498261e-01
2.122400e-07	0.000000e+00	0.000000e+00	0.000000e+00	0.000000e+00	8.498279e-01
2.135200e-07	0.000000e+00	0.000000e+00	0.000000e+00	0.000000e+00	8.498267e-01
2.150724e-07	0.000000e+00	0.000000e+00	0.000000e+00	0.000000e+00	8.499247e-01
2.181773e-07	0.000000e+00	0.000000e+00	0.000000e+00	0.000000e+00	8.499614e-01
2.200000e-07	0.000000e+00	0.000000e+00	0.000000e+00	0.000000e+00	8.499095e-01
2.200500e-07	0.000000e+00	8.500000e-02	0.000000e+00	0.000000e+00	8.499196e-01
2.201500e-07	0.000000e+00	2.550000e-01	0.000000e+00	0.000000e+00	8.499113e-01
2.203500e-07	0.000000e+00	5.950000e-01	0.000000e+00	0.000000e+00	8.498452e-01
2.205000e-07	0.000000e+00	8.500000e-01	0.000000e+00	0.000000e+00	8.497843e-01
2.205400e-07	0.000000e+00	8.500000e-01	0.000000e+00	0.000000e+00	8.497790e-01
2.206200e-07	0.000000e+00	8.500000e-01	0.000000e+00	0.000000e+00	8.497865e-01
2.207800e-07	0.000000e+00	8.500000e-01	0.000000e+00	0.000000e+00	8.498177e-01
2.211000e-07	0.000000e+00	8.500000e-01	0.000000e+00	0.000000e+00	8.498191e-01
2.217226e-07	0.000000e+00	8.500000e-01	0.000000e+00	0.000000e+00	8.498253e-01
2.227175e-07	0.000000e+00	8.500000e-01	0.000000e+00	0.000000e+00	8.498549e-01
2.247074e-07	0.000000e+00	8.500000e-01	0.000000e+00	0.000000e+00	8.498590e-01
2.250000e-07	0.000000e+00	8.500000e-01	0.000000e+00	0.000000e+00	8.498775e-01
2.250500e-07	8.500000e-02	8.500000e-01	0.000000e+00	0.000000e+00	8.498966e-01
2.251500e-07	2.550000e-01	8.500000e-01	0.000000e+00	0.000000e+00	8.499285e-01
2.253500e-07	5.950000e-01	8.500000e-01	0.000000e+00	0.000000e+00	8.499604e-01
2.255000e-07	8.500000e-01	8.500000e-01	0.000000e+00	0.000000e+00	8.499604e-01
2.255400e-07	8.500000e-01	8.500000e-01	0.000000e+00	0.000000e+00	8.499532e-01
2.256200e-07	8.500000e-01	8.500000e-01	0.000000e+00	0.000000e+00	8.499379e-01
2.257800e-07	8.500000e-01	8.500000e-01	0.000000e+00	0.000000e+00	8.499374e-01
2.261000e-07	8.500000e-01	8.500000e-01	0.000000e+00	0.000000e+00	8.499433e-01
2.267400e-07	8.500000e-01	8.500000e-01	0.000000e+00	0.000000e+00	8.499519e-01
2.280200e-07	8.500000e-01	8.500000e-01	0.000000e+00	0.000000e+00	8.499603e-01
2.305000e-07	8.500000e-01	8.500000e-01	0.000000e+00	0.000000e+00	8.499577e-01
2.305500e-07	8.500000e-01	7.650000e-01	0.000000e+00	0.000000e+00	8.499524e-01
2.306500e-07	8.500000e-01	5.950000e-01	0.000000e+00	0.000000e+00	8.499419e-01
2.308500e-07	8.500000e-01	2.550000e-01	0.000000e+00	0.000000e+00	8.499467e-01
2.310000e-07	8.500000e-01	0.000000e+00	0.000000e+00	0.000000e+00	8.499739e-01
2.310400e-07	8.500000e-01	0.000000e+00	0.000000e+00	0.000000e+00	8.499898e-01
2.311200e-07	8.500000e-01	0.000000e+00	0.000000e+00	0.000000e+00	8.499989e-01
2.312800e-07	8.500000e-01	0.000000e+00	0.000000e+00	0.000000e+00	8.499692e-01
2.316000e-07	8.500000e-01	0.000000e+00	0.000000e+00	0.000000e+00	8.499414e-01
2.322400e-07	8.500000e-01	0.000000e+00	0.000000e+00	0.000000e+00	8.499612e-01
2.335200e-07	8.500000e-01	0.000000e+00	0.000000e+00	0.000000e+00	8.499560e-01
2.350724e-07	8.500000e-01	0.000000e+00	0.000000e+00	0.000000e+00	8.499613e-01
2.381773e-07	8.500000e-01	0.000000e+00	0.000000e+00	0.000000e+00	8.499565e-01
2.400000e-07	8.500000e-01	0.000000e+00	0.000000e+00	0.000000e+00	8.499598e-01
2.400500e-07	8.500000e-01	8.500000e-02	0.000000e+00	0.000000e+00	8.499782e-01
2.401500e-07	8.500000e-01	2.550000e-01	0.000000e+00	0.000000e+00	8.499899e-01
2.403500e-07	8.500000e-01	5.950000e-01	0.000000e+00	0.000000e+00	8.499582e-01
2.405000e-07	8.500000e-01	8.500000e-01	0.000000e+00	0.000000e+00	8.499097e-01
2.405400e-07	8.500000e-01	8.500000e-01	0.000000e+00	0.000000e+00	8.499087e-01
2.406200e-07	8.500000e-01	8.500000e-01	0.000000e+00	0.000000e+00	8.499254e-01
2.407800e-07	8.500000e-01	8.500000e-01	0.000000e+00	0.000000e+00	8.499710e-01
2.411000e-07	8.500000e-01	8.500000e-01	0.000000e+00	0.000000e+00	8.499709e-01
2.417226e-07	8.500000e-01	8.500000e-01	0.000000e+00	0.000000e+00	8.499521e-01
2.427175e-07	8.500000e-01	8.500000e-01	0.000000e+00	0.000000e+00	8.499619e-01
2.447074e-07	8.500000e-01	8.500000e-01	0.000000e+00	0.000000e+00	8.499538e-01
2.450000e-07	8.500000e-01	8.500000e-01	0.000000e+00	2.249931e-14	8.499598e-01
2.450500e-07	8.500000e-01	8.500000e-01	0.000000e+00	8.500000e-02	8.499640e-01
2.451500e-07	8.500000e-01	8.500000e-01	0.000000e+00	2.550000e-01	8.499666e-01
2.453500e-07	8.500000e-01	8.500000e-01	0.000000e+00	5.950000e-01	8.498371e-01
2.455000e-07	8.500000e-01	8.500000e-01	0.000000e+00	8.500000e-01	8.500036e-01
2.455400e-07	7.820000e-01	8.500000e-01	0.000000e+00	8.500000e-01	8.503750e-01
2.456200e-07	6.460000e-01	8.500000e-01	0.000000e+00	8.500000e-01	8.517327e-01
2.457800e-07	3.740000e-01	8.500000e-01	0.000000e+00	8.500000e-01	8.564447e-01
2.460000e-07	0.000000e+00	8.500000e-01	0.000000e+00	8.500000e-01	8.627852e-01
2.460320e-07	0.000000e+00	8.500000e-01	0.000000e+00	8.500000e-01	8.634172e-01
2.460960e-07	0.000000e+00	8.500000e-01	0.000000e+00	8.500000e-01	8.644484e-01
2.462240e-07	0.000000e+00	8.500000e-01	0.000000e+00	8.500000e-01	8.652306e-01
2.464800e-07	0.000000e+00	8.500000e-01	0.000000e+00	8.500000e-01	8.634541e-01
2.469920e-07	0.000000e+00	8.500000e-01	0.000000e+00	8.500000e-01	8.571441e-01
2.479213e-07	0.000000e+00	8.500000e-01	0.000000e+00	8.500000e-01	8.509854e-01
2.489189e-07	0.000000e+00	8.500000e-01	0.000000e+00	8.500000e-01	8.500633e-01
2.505000e-07	0.000000e+00	8.500000e-01	0.000000e+00	8.500000e-01	8.499829e-01
2.505500e-07	0.000000e+00	7.650000e-01	0.000000e+00	8.500000e-01	8.499715e-01
2.506500e-07	0.000000e+00	5.950000e-01	0.000000e+00	8.500000e-01	8.499530e-01
2.508500e-07	0.000000e+00	2.550000e-01	0.000000e+00	8.500000e-01	8.499551e-01
2.510000e-07	0.000000e+00	3.463896e-14	0.000000e+00	8.500000e-01	8.499770e-01
2.510400e-07	0.000000e+00	0.000000e+00	0.000000e+00	8.500000e-01	8.499902e-01
2.511200e-07	0.000000e+00	0.000000e+00	0.000000e+00	8.500000e-01	8.499924e-01
2.512800e-07	0.000000e+00	0.000000e+00	0.000000e+00	8.500000e-01	8.499457e-01
2.516000e-07	0.000000e+00	0.000000e+00	0.000000e+00	8.500000e-01	8.499095e-01
2.522400e-07	0.000000e+00	0.000000e+00	0.000000e+00	8.500000e-01	8.499324e-01
2.535200e-07	0.000000e+00	0.000000e+00	0.000000e+00	8.500000e-01	8.499230e-01
2.549811e-07	0.000000e+00	0.000000e+00	0.000000e+00	8.500000e-01	8.499179e-01
2.577907e-07	0.000000e+00	0.000000e+00	0.000000e+00	8.500000e-01	8.499029e-01
2.600000e-07	0.000000e+00	8.999725e-14	0.000000e+00	8.500000e-01	8.499416e-01
2.600500e-07	0.000000e+00	8.500000e-02	0.000000e+00	8.500000e-01	8.499734e-01
2.601500e-07	0.000000e+00	2.550000e-01	0.000000e+00	8.500000e-01	8.500122e-01
2.603500e-07	0.000000e+00	5.950000e-01	0.000000e+00	8.500000e-01	8.499285e-01
2.605000e-07	0.000000e+00	8.500000e-01	0.000000e+00	8.500000e-01	8.497965e-01
2.605400e-07	0.000000e+00	8.500000e-01	0.000000e+00	8.500000e-01	8.498879e-01
2.606200e-07	0.000000e+00	8.500000e-01	0.000000e+00	8.500000e-01	8.503306e-01
2.607800e-07	0.000000e+00	8.500000e-01	0.000000e+00	8.500000e-01	8.523497e-01
2.611000e-07	0.000000e+00	8.500000e-01	0.000000e+00	8.500000e-01	8.407726e-01
2.616990e-07	0.000000e+00	8.500000e-01	0.000000e+00	8.500000e-01	4.218936e-01
2.627645e-07	0.000000e+00	8.500000e-01	0.000000e+00	8.500000e-01	-3.235919e-04
2.639387e-07	0.000000e+00	8.500000e-01	0.000000e+00	8.500000e-01	1.216037e-02
2.650000e-07	0.000000e+00	8.500000e-01	0.000000e+00	8.500000e-01	-1.377113e-02
2.650500e-07	8.500000e-02	8.500000e-01	8.500000e-02	8.500000e-01	-4.011893e-03
2.651500e-07	2.550000e-01	8.500000e-01	2.550000e-01	8.500000e-01	6.615271e-03
2.653500e-07	5.950000e-01	8.500000e-01	5.950000e-01	8.500000e-01	1.912009e-02
2.655000e-07	8.500000e-01	8.500000e-01	8.500000e-01	8.500000e-01	1.424535e-02
2.655400e-07	8.500000e-01	8.500000e-01	8.500000e-01	8.500000e-01	7.101843e-03
2.656200e-07	8.500000e-01	8.500000e-01	8.500000e-01	8.500000e-01	1.797401e-04
2.657800e-07	8.500000e-01	8.500000e-01	8.500000e-01	8.500000e-01	-7.851986e-04
2.661000e-07	8.500000e-01	8.500000e-01	8.500000e-01	8.500000e-01	2.413057e-04
2.666701e-07	8.500000e-01	8.500000e-01	8.500000e-01	8.500000e-01	-1.007673e-04
2.677590e-07	8.500000e-01	8.500000e-01	8.500000e-01	8.500000e-01	1.044380e-04
2.699370e-07	8.500000e-01	8.500000e-01	8.500000e-01	8.500000e-01	-5.097541e-05
2.705000e-07	8.500000e-01	8.500000e-01	8.500000e-01	8.500000e-01	5.643707e-05
2.705500e-07	8.500000e-01	7.650000e-01	8.500000e-01	8.500000e-01	2.853041e-05
2.706500e-07	8.500000e-01	5.950000e-01	8.500000e-01	8.500000e-01	4.477442e-06
2.708500e-07	8.500000e-01	2.550000e-01	8.500000e-01	8.500000e-01	1.558034e-05
2.710000e-07	8.500000e-01	3.463896e-14	8.500000e-01	8.500000e-01	3.979355e-05
2.710400e-07	8.500000e-01	0.000000e+00	8.500000e-01	8.500000e-01	5.412610e-05
2.711200e-07	8.500000e-01	0.000000e+00	8.500000e-01	8.500000e-01	6.927089e-05
2.712800e-07	8.500000e-01	0.000000e+00	8.500000e-01	8.500000e-01	4.162218e-05
2.716000e-07	8.500000e-01	0.000000e+00	8.500000e-01	8.500000e-01	-7.669061e-06
2.722400e-07	8.500000e-01	0.000000e+00	8.500000e-01	8.500000e-01	2.168579e-05
2.735200e-07	8.500000e-01	0.000000e+00	8.500000e-01	8.500000e-01	2.520523e-05
2.750725e-07	8.500000e-01	0.000000e+00	8.500000e-01	8.500000e-01	1.429235e-05
2.781774e-07	8.500000e-01	0.000000e+00	8.500000e-01	8.500000e-01	2.584264e-05
2.800000e-07	8.500000e-01	0.000000e+00	8.500000e-01	8.500000e-01	1.531958e-05
2.800500e-07	8.500000e-01	8.500000e-02	8.500000e-01	8.500000e-01	2.514452e-05
2.801500e-07	8.500000e-01	2.550000e-01	8.500000e-01	8.500000e-01	3.717401e-05
2.803500e-07	8.500000e-01	5.950000e-01	8.500000e-01	8.500000e-01	7.266201e-06
2.805000e-07	8.500000e-01	8.500000e-01	8.500000e-01	8.500000e-01	-1.652046e-05
2.805400e-07	8.500000e-01	8.500000e-01	8.500000e-01	8.500000e-01	-1.413344e-05
2.806200e-07	8.500000e-01	8.500000e-01	8.500000e-01	8.500000e-01	1.341488e-05
2.807800e-07	8.500000e-01	8.500000e-01	8.500000e-01	8.500000e-01	3.507762e-05
2.811000e-07	8.500000e-01	8.500000e-01	8.500000e-01	8.500000e-01	2.457051e-06
2.817224e-07	8.500000e-01	8.500000e-01	8.500000e-01	8.500000e-01	2.529954e-05
2.827175e-07	8.500000e-01	8.500000e-01	8.500000e-01	8.500000e-01	2.438610e-05
2.847077e-07	8.500000e-01	8.500000e-01	8.500000e-01	8.500000e-01	1.664658e-05
2.855000e-07	8.500000e-01	8.500000e-01	8.500000e-01	8.500000e-01	1.345194e-05
2.855500e-07	7.650000e-01	8.500000e-01	8.500000e-01	8.500000e-01	-6.760658e-05
2.856500e-07	5.950000e-01	8.500000e-01	8.500000e-01	8.500000e-01	-7.110946e-05
2.858500e-07	2.550000e-01	8.500000e-01	8.500000e-01	8.500000e-01	-1.879044e-05
2.860000e-07	2.053913e-14	8.500000e-01	8.500000e-01	8.500000e-01	-5.051014e-05
2.860400e-07	0.000000e+00	8.500000e-01	8.500000e-01	8.500000e-01	-2.113172e-05
2.861200e-07	0.000000e+00	8.500000e-01	8.500000e-01	8.500000e-01	6.353723e-05
2.862800e-07	0.000000e+00	8.500000e-01	8.500000e-01	8.500000e-01	6.626635e-05
2.866000e-07	0.000000e+00	8.500000e-01	8.500000e-01	8.500000e-01	-3.966610e-05
2.872400e-07	0.000000e+00	8.500000e-01	8.500000e-01	8.500000e-01	3.186294e-05
2.884548e-07	0.000000e+00	8.500000e-01	8.500000e-01	8.500000e-01	-2.411183e-05
2.905000e-07	0.000000e+00	8.500000e-01	8.500000e-01	8.500000e-01	2.329342e-05
2.905500e-07	0.000000e+00	7.650000e-01	8.500000e-01	8.500000e-01	-3.350860e-08
2.906500e-07	0.000000e+00	5.950000e-01	8.500000e-01	8.500000e-01	-1.964817e-05
2.908500e-07	0.000000e+00	2.550000e-01	8.500000e-01	8.500000e-01	-4.197288e-06
2.910000e-07	0.000000e+00	3.463896e-14	8.500000e-01	8.500000e-01	2.021734e-05
2.910400e-07	0.000000e+00	0.000000e+00	8.500000e-01	8.500000e-01	3.498411e-05
2.911200e-07	0.000000e+00	0.000000e+00	8.500000e-01	8.500000e-01	4.980345e-05
2.912800e-07	0.000000e+00	0.000000e+00	8.500000e-01	8.500000e-01	2.272334e-05
2.916000e-07	0.000000e+00	0.000000e+00	8.500000e-01	8.500000e-01	-2.693846e-05
2.922400e-07	0.000000e+00	0.000000e+00	8.500000e-01	8.500000e-01	3.009946e-06
2.935200e-07	0.000000e+00	0.000000e+00	8.500000e-01	8.500000e-01	5.118020e-06
2.950725e-07	0.000000e+00	0.000000e+00	8.500000e-01	8.500000e-01	-4.197510e-06
2.955000e-07	0.000000e+00	0.000000e+00	8.500000e-01	8.500000e-01	3.604317e-06
2.955500e-07	0.000000e+00	0.000000e+00	8.500000e-01	7.650000e-01	3.061138e-06
2.956500e-07	0.000000e+00	0.000000e+00	8.500000e-01	5.950000e-01	1.792504e-06
2.958500e-07	0.000000e+00	0.000000e+00	8.500000e-01	2.550000e-01	1.184814e-06
2.960000e-07	0.000000e+00	0.000000e+00	8.500000e-01	3.741452e-14	6.263200e-07
2.960400e-07	0.000000e+00	0.000000e+00	8.500000e-01	0.000000e+00	-2.769334e-06
2.961200e-07	0.000000e+00	0.000000e+00	8.500000e-01	0.000000e+00	-1.210934e-05
2.962800e-07	0.000000e+00	0.000000e+00	8.500000e-01	0.000000e+00	-1.763322e-05
2.966000e-07	0.000000e+00	0.000000e+00	8.500000e-01	0.000000e+00	1.791836e-05
2.970906e-07	0.000000e+00	0.000000e+00	8.500000e-01	0.000000e+00	-2.190112e-06
2.980718e-07	0.000000e+00	0.000000e+00	8.500000e-01	0.000000e+00	3.384677e-07
2.990138e-07	0.000000e+00	0.000000e+00	8.500000e-01	0.000000e+00	4.068741e-06
3.000000e-07	0.000000e+00	8.999725e-14	8.500000e-01	0.000000e+00	-2.539864e-06
