time (time)	v(d) (voltage)	v(clk) (voltage)	v(s) (voltage)	v(r) (voltage)	v(q) (voltage)
0.000000e+00	0.000000e+00	0.000000e+00	0.000000e+00	0.000000e+00	8.499957e-01
1.000000e-12	0.000000e+00	1.700000e-03	0.000000e+00	0.000000e+00	8.500171e-01
2.000000e-12	0.000000e+00	3.400000e-03	0.000000e+00	0.000000e+00	8.500359e-01
4.000000e-12	0.000000e+00	6.800000e-03	0.000000e+00	0.000000e+00	8.500681e-01
8.000000e-12	0.000000e+00	1.360000e-02	0.000000e+00	0.000000e+00	8.501091e-01
1.600000e-11	0.000000e+00	2.720000e-02	0.000000e+00	0.000000e+00	8.501287e-01
3.200000e-11	0.000000e+00	5.440000e-02	0.000000e+00	0.000000e+00	8.500619e-01
6.400000e-11	0.000000e+00	1.088000e-01	0.000000e+00	0.000000e+00	8.499337e-01
1.280000e-10	0.000000e+00	2.176000e-01	0.000000e+00	0.000000e+00	8.498987e-01
2.560000e-10	0.000000e+00	4.352000e-01	0.000000e+00	0.000000e+00	8.499484e-01
4.287115e-10	0.000000e+00	7.288096e-01	0.000000e+00	0.000000e+00	8.498398e-01
5.000000e-10	0.000000e+00	8.500000e-01	0.000000e+00	0.000000e+00	8.503529e-01
5.170993e-10	0.000000e+00	8.500000e-01	0.000000e+00	0.000000e+00	8.501693e-01
5.512978e-10	0.000000e+00	8.500000e-01	0.000000e+00	0.000000e+00	8.499672e-01
6.196950e-10	0.000000e+00	8.500000e-01	0.000000e+00	0.000000e+00	8.499500e-01
7.564892e-10	0.000000e+00	8.500000e-01	0.000000e+00	0.000000e+00	8.499637e-01
1.030078e-09	0.000000e+00	8.500000e-01	0.000000e+00	0.000000e+00	8.499759e-01
1.577255e-09	0.000000e+00	8.500000e-01	0.000000e+00	0.000000e+00	8.499972e-01
2.671609e-09	0.000000e+00	8.500000e-01	0.000000e+00	0.000000e+00	8.499952e-01
4.860317e-09	0.000000e+00	8.500000e-01	0.000000e+00	0.000000e+00	8.499935e-01
9.237733e-09	0.000000e+00	8.500000e-01	0.000000e+00	0.000000e+00	8.499960e-01
1.050000e-08	0.000000e+00	8.500000e-01	0.000000e+00	0.000000e+00	8.499940e-01
1.055000e-08	0.000000e+00	7.650000e-01	0.000000e+00	0.000000e+00	8.499630e-01
1.065000e-08	0.000000e+00	5.950000e-01	0.000000e+00	0.000000e+00	8.499727e-01
1.085000e-08	0.000000e+00	2.550000e-01	0.000000e+00	0.000000e+00	8.500327e-01
1.100000e-08	0.000000e+00	0.000000e+00	0.000000e+00	0.000000e+00	8.499787e-01
1.102271e-08	0.000000e+00	0.000000e+00	0.000000e+00	0.000000e+00	8.499776e-01
1.106812e-08	0.000000e+00	0.000000e+00	0.000000e+00	0.000000e+00	8.499044e-01
1.115895e-08	0.000000e+00	0.000000e+00	0.000000e+00	0.000000e+00	8.499380e-01
1.133831e-08	0.000000e+00	0.000000e+00	0.000000e+00	0.000000e+00	8.500124e-01
1.150474e-08	0.000000e+00	0.000000e+00	0.000000e+00	0.000000e+00	8.499579e-01
1.183759e-08	0.000000e+00	0.000000e+00	0.000000e+00	0.000000e+00	8.499972e-01
1.250330e-08	0.000000e+00	0.000000e+00	0.000000e+00	0.000000e+00	8.499806e-01
1.383470e-08	0.000000e+00	0.000000e+00	0.000000e+00	0.000000e+00	8.500057e-01
1.649752e-08	0.000000e+00	0.000000e+00	0.000000e+00	0.000000e+00	8.499832e-01
2.000000e-08	0.000000e+00	0.000000e+00	0.000000e+00	0.000000e+00	8.500065e-01
2.005000e-08	0.000000e+00	8.500000e-02	8.500000e-02	0.000000e+00	8.603905e-01
2.015000e-08	0.000000e+00	2.550000e-01	2.550000e-01	0.000000e+00	8.684722e-01
2.028540e-08	0.000000e+00	4.851816e-01	4.851816e-01	0.000000e+00	8.425480e-01
2.043667e-08	0.000000e+00	7.423327e-01	7.423327e-01	0.000000e+00	8.528037e-01
2.050000e-08	0.000000e+00	8.500000e-01	8.500000e-01	0.000000e+00	8.541621e-01
2.051555e-08	0.000000e+00	8.500000e-01	8.500000e-01	0.000000e+00	8.522427e-01
2.054666e-08	0.000000e+00	8.500000e-01	8.500000e-01	0.000000e+00	8.502354e-01
2.059113e-08	0.000000e+00	8.500000e-01	8.500000e-01	0.000000e+00	8.499895e-01
2.063799e-08	0.000000e+00	8.500000e-01	8.500000e-01	0.000000e+00	8.499656e-01
2.070693e-08	0.000000e+00	8.500000e-01	8.500000e-01	0.000000e+00	8.499971e-01
2.082271e-08	0.000000e+00	8.500000e-01	8.500000e-01	0.000000e+00	8.499795e-01
2.093023e-08	0.000000e+00	8.500000e-01	8.500000e-01	0.000000e+00	8.500008e-01
2.114526e-08	0.000000e+00	8.500000e-01	8.500000e-01	0.000000e+00	8.499902e-01
2.157534e-08	0.000000e+00	8.500000e-01	8.500000e-01	0.000000e+00	8.500004e-01
2.243550e-08	0.000000e+00	8.500000e-01	8.500000e-01	0.000000e+00	8.499913e-01
2.415580e-08	0.000000e+00	8.500000e-01	8.500000e-01	0.000000e+00	8.499999e-01
2.500000e-08	0.000000e+00	8.500000e-01	8.500000e-01	0.000000e+00	8.499917e-01
2.505000e-08	8.500000e-02	8.500000e-01	8.500000e-01	0.000000e+00	8.500282e-01
2.515000e-08	2.550000e-01	8.500000e-01	8.500000e-01	0.000000e+00	8.500233e-01
2.535000e-08	5.950000e-01	8.500000e-01	8.500000e-01	0.000000e+00	8.500526e-01
2.550000e-08	8.500000e-01	8.500000e-01	8.500000e-01	0.000000e+00	8.499559e-01
2.552186e-08	8.500000e-01	8.500000e-01	8.500000e-01	0.000000e+00	8.498920e-01
2.556557e-08	8.500000e-01	8.500000e-01	8.500000e-01	0.000000e+00	8.499021e-01
2.562956e-08	8.500000e-01	8.500000e-01	8.500000e-01	0.000000e+00	8.500426e-01
2.569699e-08	8.500000e-01	8.500000e-01	8.500000e-01	0.000000e+00	8.499511e-01
2.577102e-08	8.500000e-01	8.500000e-01	8.500000e-01	0.000000e+00	8.500236e-01
2.585683e-08	8.500000e-01	8.500000e-01	8.500000e-01	0.000000e+00	8.499910e-01
2.602847e-08	8.500000e-01	8.500000e-01	8.500000e-01	0.000000e+00	8.500009e-01
2.623636e-08	8.500000e-01	8.500000e-01	8.500000e-01	0.000000e+00	8.499978e-01
2.665216e-08	8.500000e-01	8.500000e-01	8.500000e-01	0.000000e+00	8.499974e-01
2.748374e-08	8.500000e-01	8.500000e-01	8.500000e-01	0.000000e+00	8.499992e-01
2.914692e-08	8.500000e-01	8.500000e-01	8.500000e-01	0.000000e+00	8.499967e-01
3.050000e-08	8.500000e-01	8.500000e-01	8.500000e-01	0.000000e+00	8.499996e-01
3.055000e-08	8.500000e-01	7.650000e-01	8.500000e-01	0.000000e+00	8.499655e-01
3.065000e-08	8.500000e-01	5.950000e-01	8.500000e-01	0.000000e+00	8.499914e-01
3.085000e-08	8.500000e-01	2.550000e-01	8.500000e-01	0.000000e+00	8.500630e-01
3.100000e-08	8.500000e-01	0.000000e+00	8.500000e-01	0.000000e+00	8.499715e-01
3.102275e-08	8.500000e-01	0.000000e+00	8.500000e-01	0.000000e+00	8.499915e-01
3.106825e-08	8.500000e-01	0.000000e+00	8.500000e-01	0.000000e+00	8.499112e-01
3.115925e-08	8.500000e-01	0.000000e+00	8.500000e-01	0.000000e+00	8.499631e-01
3.133884e-08	8.500000e-01	0.000000e+00	8.500000e-01	0.000000e+00	8.500520e-01
3.150524e-08	8.500000e-01	0.000000e+00	8.500000e-01	0.000000e+00	8.499633e-01
3.183805e-08	8.500000e-01	0.000000e+00	8.500000e-01	0.000000e+00	8.500266e-01
3.250367e-08	8.500000e-01	0.000000e+00	8.500000e-01	0.000000e+00	8.499721e-01
3.383491e-08	8.500000e-01	0.000000e+00	8.500000e-01	0.000000e+00	8.500228e-01
3.649738e-08	8.500000e-01	0.000000e+00	8.500000e-01	0.000000e+00	8.499739e-01
4.000000e-08	8.500000e-01	0.000000e+00	8.500000e-01	0.000000e+00	8.500218e-01
4.005000e-08	8.500000e-01	8.500000e-02	8.500000e-01	0.000000e+00	8.501137e-01
4.015000e-08	8.500000e-01	2.550000e-01	8.500000e-01	0.000000e+00	8.499353e-01
4.029180e-08	8.500000e-01	4.960578e-01	8.500000e-01	0.000000e+00	8.498923e-01
4.047787e-08	8.500000e-01	8.123859e-01	8.500000e-01	0.000000e+00	8.500097e-01
4.050000e-08	8.500000e-01	8.500000e-01	8.500000e-01	0.000000e+00	8.503440e-01
4.051897e-08	8.500000e-01	8.500000e-01	8.500000e-01	0.000000e+00	8.502291e-01
4.055692e-08	8.500000e-01	8.500000e-01	8.500000e-01	0.000000e+00	8.500941e-01
4.062248e-08	8.500000e-01	8.500000e-01	8.500000e-01	0.000000e+00	8.499818e-01
4.075360e-08	8.500000e-01	8.500000e-01	8.500000e-01	0.000000e+00	8.499668e-01
4.098546e-08	8.500000e-01	8.500000e-01	8.500000e-01	0.000000e+00	8.500157e-01
4.144919e-08	8.500000e-01	8.500000e-01	8.500000e-01	0.000000e+00	8.499820e-01
4.237664e-08	8.500000e-01	8.500000e-01	8.500000e-01	0.000000e+00	8.500134e-01
4.423155e-08	8.500000e-01	8.500000e-01	8.500000e-01	0.000000e+00	8.499832e-01
4.550000e-08	8.500000e-01	8.500000e-01	8.500000e-01	0.000000e+00	8.500125e-01
4.555000e-08	7.650000e-01	8.500000e-01	8.500000e-01	0.000000e+00	8.498799e-01
4.565000e-08	5.950000e-01	8.500000e-01	8.500000e-01	0.000000e+00	8.499771e-01
4.585000e-08	2.550000e-01	8.500000e-01	8.500000e-01	0.000000e+00	8.500040e-01
4.600000e-08	3.663736e-15	8.500000e-01	8.500000e-01	0.000000e+00	8.500762e-01
4.602082e-08	0.000000e+00	8.500000e-01	8.500000e-01	0.000000e+00	8.500516e-01
4.606247e-08	0.000000e+00	8.500000e-01	8.500000e-01	0.000000e+00	8.500331e-01
4.611844e-08	0.000000e+00	8.500000e-01	8.500000e-01	0.000000e+00	8.499627e-01
4.617643e-08	0.000000e+00	8.500000e-01	8.500000e-01	0.000000e+00	8.500197e-01
4.624865e-08	0.000000e+00	8.500000e-01	8.500000e-01	0.000000e+00	8.499887e-01
4.634416e-08	0.000000e+00	8.500000e-01	8.500000e-01	0.000000e+00	8.499967e-01
4.653520e-08	0.000000e+00	8.500000e-01	8.500000e-01	0.000000e+00	8.499951e-01
4.691726e-08	0.000000e+00	8.500000e-01	8.500000e-01	0.000000e+00	8.499961e-01
4.768139e-08	0.000000e+00	8.500000e-01	8.500000e-01	0.000000e+00	8.499953e-01
4.920964e-08	0.000000e+00	8.500000e-01	8.500000e-01	0.000000e+00	8.499960e-01
5.050000e-08	0.000000e+00	8.500000e-01	8.500000e-01	0.000000e+00	8.499954e-01
5.055000e-08	0.000000e+00	7.650000e-01	8.500000e-01	0.000000e+00	8.499639e-01
5.065000e-08	0.000000e+00	5.950000e-01	8.500000e-01	0.000000e+00	8.499894e-01
5.085000e-08	0.000000e+00	2.550000e-01	8.500000e-01	0.000000e+00	8.500748e-01
5.100000e-08	0.000000e+00	1.221245e-14	8.500000e-01	0.000000e+00	8.499200e-01
5.102150e-08	0.000000e+00	0.000000e+00	8.500000e-01	0.000000e+00	8.499639e-01
5.106450e-08	0.000000e+00	0.000000e+00	8.500000e-01	0.000000e+00	8.499256e-01
5.113485e-08	0.000000e+00	0.000000e+00	8.500000e-01	0.000000e+00	8.499609e-01
5.120583e-08	0.000000e+00	0.000000e+00	8.500000e-01	0.000000e+00	8.500240e-01
5.129972e-08	0.000000e+00	0.000000e+00	8.500000e-01	0.000000e+00	8.500073e-01
5.142221e-08	0.000000e+00	0.000000e+00	8.500000e-01	0.000000e+00	8.499947e-01
5.154962e-08	0.000000e+00	0.000000e+00	8.500000e-01	0.000000e+00	8.499955e-01
5.180444e-08	0.000000e+00	0.000000e+00	8.500000e-01	0.000000e+00	8.499965e-01
5.231408e-08	0.000000e+00	0.000000e+00	8.500000e-01	0.000000e+00	8.499946e-01
5.333336e-08	0.000000e+00	0.000000e+00	8.500000e-01	0.000000e+00	8.499968e-01
5.537193e-08	0.000000e+00	0.000000e+00	8.500000e-01	0.000000e+00	8.499945e-01
5.944905e-08	0.000000e+00	0.000000e+00	8.500000e-01	0.000000e+00	8.499968e-01
6.000000e-08	0.000000e+00	0.000000e+00	8.500000e-01	0.000000e+00	8.499944e-01
6.005000e-08	0.000000e+00	8.500000e-02	8.500000e-01	0.000000e+00	8.501065e-01
6.015000e-08	0.000000e+00	2.550000e-01	8.500000e-01	0.000000e+00	8.499037e-01
6.029797e-08	0.000000e+00	5.065489e-01	8.500000e-01	0.000000e+00	8.491854e-01
6.048712e-08	0.000000e+00	8.281003e-01	8.500000e-01	0.000000e+00	8.574619e-01
6.050000e-08	0.000000e+00	8.500000e-01	8.500000e-01	0.000000e+00	8.526237e-01
6.051791e-08	0.000000e+00	8.500000e-01	8.500000e-01	0.000000e+00	8.244154e-01
6.055372e-08	0.000000e+00	8.500000e-01	8.500000e-01	0.000000e+00	5.900935e-01
6.061210e-08	0.000000e+00	8.500000e-01	8.500000e-01	0.000000e+00	6.309695e-02
6.068789e-08	0.000000e+00	8.500000e-01	8.500000e-01	0.000000e+00	-9.963803e-03
6.076925e-08	0.000000e+00	8.500000e-01	8.500000e-01	0.000000e+00	1.003097e-02
6.089600e-08	0.000000e+00	8.500000e-01	8.500000e-01	0.000000e+00	-6.556783e-03
6.103012e-08	0.000000e+00	8.500000e-01	8.500000e-01	0.000000e+00	5.176138e-03
6.128470e-08	0.000000e+00	8.500000e-01	8.500000e-01	0.000000e+00	-4.537800e-03
6.165312e-08	0.000000e+00	8.500000e-01	8.500000e-01	0.000000e+00	4.170783e-03
6.234457e-08	0.000000e+00	8.500000e-01	8.500000e-01	0.000000e+00	-3.968592e-03
6.352747e-08	0.000000e+00	8.500000e-01	8.500000e-01	0.000000e+00	3.872581e-03
6.500000e-08	0.000000e+00	8.500000e-01	8.500000e-01	0.000000e+00	-3.778309e-03
6.505000e-08	8.500000e-02	8.500000e-01	8.500000e-01	0.000000e+00	-4.534743e-04
6.515000e-08	2.550000e-01	8.500000e-01	8.500000e-01	0.000000e+00	3.504204e-04
6.535000e-08	5.950000e-01	8.500000e-01	8.500000e-01	0.000000e+00	-2.627679e-04
6.550000e-08	8.500000e-01	8.500000e-01	8.500000e-01	0.000000e+00	2.068575e-04
6.552185e-08	8.500000e-01	8.500000e-01	8.500000e-01	0.000000e+00	3.164916e-06
6.556554e-08	8.500000e-01	8.500000e-01	8.500000e-01	0.000000e+00	-6.198460e-05
6.562955e-08	8.500000e-01	8.500000e-01	8.500000e-01	0.000000e+00	3.852323e-05
6.569699e-08	8.500000e-01	8.500000e-01	8.500000e-01	0.000000e+00	-4.335685e-05
6.577106e-08	8.500000e-01	8.500000e-01	8.500000e-01	0.000000e+00	3.206212e-05
6.585691e-08	8.500000e-01	8.500000e-01	8.500000e-01	0.000000e+00	-2.025262e-05
6.602861e-08	8.500000e-01	8.500000e-01	8.500000e-01	0.000000e+00	1.834000e-05
6.623668e-08	8.500000e-01	8.500000e-01	8.500000e-01	0.000000e+00	-1.323104e-05
6.665283e-08	8.500000e-01	8.500000e-01	8.500000e-01	0.000000e+00	1.411340e-05
6.748512e-08	8.500000e-01	8.500000e-01	8.500000e-01	0.000000e+00	-1.131000e-05
6.914970e-08	8.500000e-01	8.500000e-01	8.500000e-01	0.000000e+00	1.318397e-05
7.050000e-08	8.500000e-01	8.500000e-01	8.500000e-01	0.000000e+00	-1.081012e-05
7.055000e-08	8.500000e-01	7.650000e-01	8.500000e-01	0.000000e+00	-3.897466e-05
7.065000e-08	8.500000e-01	5.950000e-01	8.500000e-01	0.000000e+00	2.894945e-05
7.085000e-08	8.500000e-01	2.550000e-01	8.500000e-01	0.000000e+00	2.772430e-06
7.100000e-08	8.500000e-01	1.221245e-14	8.500000e-01	0.000000e+00	1.158818e-04
7.102217e-08	8.500000e-01	0.000000e+00	8.500000e-01	0.000000e+00	-5.228747e-05
7.106651e-08	8.500000e-01	0.000000e+00	8.500000e-01	0.000000e+00	-2.037709e-04
7.115519e-08	8.500000e-01	0.000000e+00	8.500000e-01	0.000000e+00	4.570721e-05
7.123537e-08	8.500000e-01	0.000000e+00	8.500000e-01	0.000000e+00	2.958899e-05
7.131807e-08	8.500000e-01	0.000000e+00	8.500000e-01	0.000000e+00	-1.147879e-05
7.141062e-08	8.500000e-01	0.000000e+00	8.500000e-01	0.000000e+00	2.662762e-05
7.151537e-08	8.500000e-01	0.000000e+00	8.500000e-01	0.000000e+00	-1.036874e-05
7.172488e-08	8.500000e-01	0.000000e+00	8.500000e-01	0.000000e+00	9.916595e-06
7.198017e-08	8.500000e-01	0.000000e+00	8.500000e-01	0.000000e+00	-5.445274e-06
7.249075e-08	8.500000e-01	0.000000e+00	8.500000e-01	0.000000e+00	6.592500e-06
7.351192e-08	8.500000e-01	0.000000e+00	8.500000e-01	0.000000e+00	-3.927214e-06
7.555425e-08	8.500000e-01	0.000000e+00	8.500000e-01	0.000000e+00	5.870017e-06
7.963891e-08	8.500000e-01	0.000000e+00	8.500000e-01	0.000000e+00	-3.576446e-06
8.000000e-08	8.500000e-01	0.000000e+00	8.500000e-01	0.000000e+00	4.544106e-06
8.005000e-08	8.500000e-01	8.500000e-02	8.500000e-01	0.000000e+00	2.454086e-05
8.015000e-08	8.500000e-01	2.550000e-01	8.500000e-01	0.000000e+00	8.653113e-06
8.029834e-08	8.500000e-01	5.071712e-01	8.500000e-01	0.000000e+00	9.997500e-05
8.048337e-08	8.500000e-01	8.217288e-01	8.500000e-01	0.000000e+00	-1.853258e-03
8.050000e-08	8.500000e-01	8.500000e-01	8.500000e-01	0.000000e+00	-3.694766e-03
8.051321e-08	8.500000e-01	8.500000e-01	8.275463e-01	0.000000e+00	-7.086807e-03
8.053962e-08	8.500000e-01	8.500000e-01	7.826389e-01	0.000000e+00	-1.400401e-02
8.059246e-08	8.500000e-01	8.500000e-01	6.928240e-01	0.000000e+00	-1.444375e-02
8.068596e-08	8.500000e-01	8.500000e-01	5.338606e-01	0.000000e+00	6.087378e-01
8.078577e-08	8.500000e-01	8.500000e-01	3.641931e-01	0.000000e+00	8.446567e-01
8.089487e-08	8.500000e-01	8.500000e-01	1.787266e-01	0.000000e+00	8.504618e-01
8.100000e-08	8.500000e-01	8.500000e-01	0.000000e+00	0.000000e+00	8.508838e-01
8.101111e-08	8.500000e-01	8.500000e-01	0.000000e+00	0.000000e+00	8.522629e-01
8.103332e-08	8.500000e-01	8.500000e-01	0.000000e+00	0.000000e+00	8.536983e-01
8.107775e-08	8.500000e-01	8.500000e-01	0.000000e+00	0.000000e+00	8.530493e-01
8.116661e-08	8.500000e-01	8.500000e-01	0.000000e+00	0.000000e+00	8.510539e-01
8.130363e-08	8.500000e-01	8.500000e-01	0.000000e+00	0.000000e+00	8.501351e-01
8.154752e-08	8.500000e-01	8.500000e-01	0.000000e+00	0.000000e+00	8.499776e-01
8.203531e-08	8.500000e-01	8.500000e-01	0.000000e+00	0.000000e+00	8.500078e-01
8.301089e-08	8.500000e-01	8.500000e-01	0.000000e+00	0.000000e+00	8.499909e-01
8.496204e-08	8.500000e-01	8.500000e-01	0.000000e+00	0.000000e+00	8.500039e-01
8.550000e-08	8.500000e-01	8.500000e-01	0.000000e+00	0.000000e+00	8.499953e-01
8.555000e-08	7.650000e-01	8.500000e-01	0.000000e+00	0.000000e+00	8.499427e-01
8.565000e-08	5.950000e-01	8.500000e-01	0.000000e+00	0.000000e+00	8.499460e-01
8.585000e-08	2.550000e-01	8.500000e-01	0.000000e+00	0.000000e+00	8.499949e-01
8.600000e-08	2.053913e-14	8.500000e-01	0.000000e+00	0.000000e+00	8.499837e-01
8.604000e-08	0.000000e+00	8.500000e-01	0.000000e+00	0.000000e+00	8.500301e-01
8.612000e-08	0.000000e+00	8.500000e-01	0.000000e+00	0.000000e+00	8.500436e-01
8.628000e-08	0.000000e+00	8.500000e-01	0.000000e+00	0.000000e+00	8.499936e-01
8.660000e-08	0.000000e+00	8.500000e-01	0.000000e+00	0.000000e+00	8.500041e-01
8.724000e-08	0.000000e+00	8.500000e-01	0.000000e+00	0.000000e+00	8.499915e-01
8.852000e-08	0.000000e+00	8.500000e-01	0.000000e+00	0.000000e+00	8.499995e-01
9.050000e-08	0.000000e+00	8.500000e-01	0.000000e+00	0.000000e+00	8.499919e-01
9.055000e-08	0.000000e+00	7.650000e-01	0.000000e+00	0.000000e+00	8.499681e-01
9.065000e-08	0.000000e+00	5.950000e-01	0.000000e+00	0.000000e+00	8.499837e-01
9.085000e-08	0.000000e+00	2.550000e-01	0.000000e+00	0.000000e+00	8.500414e-01
9.100000e-08	0.000000e+00	1.221245e-14	0.000000e+00	0.000000e+00	8.499859e-01
9.102271e-08	0.000000e+00	0.000000e+00	0.000000e+00	0.000000e+00	8.499866e-01
9.106813e-08	0.000000e+00	0.000000e+00	0.000000e+00	0.000000e+00	8.499194e-01
9.115897e-08	0.000000e+00	0.000000e+00	0.000000e+00	0.000000e+00	8.499582e-01
9.133854e-08	0.000000e+00	0.000000e+00	0.000000e+00	0.000000e+00	8.500293e-01
9.150490e-08	0.000000e+00	0.000000e+00	0.000000e+00	0.000000e+00	8.499702e-01
9.183764e-08	0.000000e+00	0.000000e+00	0.000000e+00	0.000000e+00	8.500101e-01
9.250310e-08	0.000000e+00	0.000000e+00	0.000000e+00	0.000000e+00	8.499781e-01
9.383403e-08	0.000000e+00	0.000000e+00	0.000000e+00	0.000000e+00	8.500097e-01
9.649588e-08	0.000000e+00	0.000000e+00	0.000000e+00	0.000000e+00	8.499798e-01
1.000000e-07	0.000000e+00	0.000000e+00	0.000000e+00	0.000000e+00	8.500096e-01
1.000500e-07	0.000000e+00	8.500000e-02	0.000000e+00	0.000000e+00	8.500717e-01
1.001500e-07	0.000000e+00	2.550000e-01	0.000000e+00	0.000000e+00	8.499468e-01
1.002918e-07	0.000000e+00	4.960548e-01	0.000000e+00	0.000000e+00	8.498885e-01
1.004779e-07	0.000000e+00	8.123819e-01	0.000000e+00	0.000000e+00	8.499770e-01
1.005000e-07	0.000000e+00	8.500000e-01	0.000000e+00	0.000000e+00	8.502012e-01
1.005190e-07	0.000000e+00	8.500000e-01	0.000000e+00	0.000000e+00	8.501187e-01
1.005569e-07	0.000000e+00	8.500000e-01	0.000000e+00	0.000000e+00	8.500293e-01
1.006225e-07	0.000000e+00	8.500000e-01	0.000000e+00	0.000000e+00	8.499664e-01
1.007536e-07	0.000000e+00	8.500000e-01	0.000000e+00	0.000000e+00	8.499488e-01
1.009855e-07	0.000000e+00	8.500000e-01	0.000000e+00	0.000000e+00	8.499867e-01
1.014492e-07	0.000000e+00	8.500000e-01	0.000000e+00	0.000000e+00	8.499830e-01
1.023767e-07	0.000000e+00	8.500000e-01	0.000000e+00	0.000000e+00	8.500005e-01
1.042317e-07	0.000000e+00	8.500000e-01	0.000000e+00	0.000000e+00	8.499871e-01
1.050000e-07	0.000000e+00	8.500000e-01	0.000000e+00	0.000000e+00	8.499998e-01
1.050500e-07	8.500000e-02	8.500000e-01	0.000000e+00	0.000000e+00	8.500295e-01
1.051500e-07	2.550000e-01	8.500000e-01	0.000000e+00	0.000000e+00	8.500296e-01
1.053500e-07	5.950000e-01	8.500000e-01	0.000000e+00	0.000000e+00	8.499874e-01
1.055000e-07	8.500000e-01	8.500000e-01	0.000000e+00	0.000000e+00	8.500219e-01
1.055400e-07	8.500000e-01	8.500000e-01	0.000000e+00	0.000000e+00	8.499675e-01
1.056200e-07	8.500000e-01	8.500000e-01	0.000000e+00	0.000000e+00	8.499565e-01
1.057800e-07	8.500000e-01	8.500000e-01	0.000000e+00	0.000000e+00	8.500043e-01
1.061000e-07	8.500000e-01	8.500000e-01	0.000000e+00	0.000000e+00	8.499901e-01
1.067400e-07	8.500000e-01	8.500000e-01	0.000000e+00	0.000000e+00	8.500025e-01
1.080200e-07	8.500000e-01	8.500000e-01	0.000000e+00	0.000000e+00	8.499922e-01
1.105000e-07	8.500000e-01	8.500000e-01	0.000000e+00	0.000000e+00	8.500024e-01
1.105500e-07	8.500000e-01	7.650000e-01	0.000000e+00	0.000000e+00	8.499758e-01
1.106500e-07	8.500000e-01	5.950000e-01	0.000000e+00	0.000000e+00	8.499896e-01
1.108500e-07	8.500000e-01	2.550000e-01	0.000000e+00	0.000000e+00	8.500498e-01
1.110000e-07	8.500000e-01	1.221245e-14	0.000000e+00	0.000000e+00	8.499938e-01
1.110227e-07	8.500000e-01	0.000000e+00	0.000000e+00	0.000000e+00	8.499960e-01
1.110681e-07	8.500000e-01	0.000000e+00	0.000000e+00	0.000000e+00	8.499350e-01
1.111589e-07	8.500000e-01	0.000000e+00	0.000000e+00	0.000000e+00	8.499731e-01
1.113383e-07	8.500000e-01	0.000000e+00	0.000000e+00	0.000000e+00	8.500383e-01
1.115047e-07	8.500000e-01	0.000000e+00	0.000000e+00	0.000000e+00	8.499800e-01
1.118376e-07	8.500000e-01	0.000000e+00	0.000000e+00	0.000000e+00	8.500174e-01
1.125033e-07	8.500000e-01	0.000000e+00	0.000000e+00	0.000000e+00	8.499832e-01
1.138346e-07	8.500000e-01	0.000000e+00	0.000000e+00	0.000000e+00	8.500141e-01
1.164974e-07	8.500000e-01	0.000000e+00	0.000000e+00	0.000000e+00	8.499821e-01
1.200000e-07	8.500000e-01	0.000000e+00	0.000000e+00	0.000000e+00	8.500134e-01
1.200500e-07	8.500000e-01	8.500000e-02	0.000000e+00	0.000000e+00	8.500838e-01
1.201500e-07	8.500000e-01	2.550000e-01	0.000000e+00	0.000000e+00	8.499663e-01
1.202918e-07	8.500000e-01	4.960544e-01	0.000000e+00	0.000000e+00	8.499070e-01
1.204779e-07	8.500000e-01	8.123814e-01	0.000000e+00	0.000000e+00	8.499941e-01
1.205000e-07	8.500000e-01	8.500000e-01	0.000000e+00	0.000000e+00	8.502289e-01
1.205190e-07	8.500000e-01	8.500000e-01	0.000000e+00	0.000000e+00	8.501533e-01
1.205569e-07	8.500000e-01	8.500000e-01	0.000000e+00	0.000000e+00	8.500746e-01
1.206225e-07	8.500000e-01	8.500000e-01	0.000000e+00	0.000000e+00	8.500156e-01
1.207536e-07	8.500000e-01	8.500000e-01	0.000000e+00	0.000000e+00	8.499784e-01
1.209855e-07	8.500000e-01	8.500000e-01	0.000000e+00	0.000000e+00	8.500044e-01
1.214492e-07	8.500000e-01	8.500000e-01	0.000000e+00	0.000000e+00	8.499907e-01
1.223767e-07	8.500000e-01	8.500000e-01	0.000000e+00	0.000000e+00	8.500059e-01
1.242317e-07	8.500000e-01	8.500000e-01	0.000000e+00	0.000000e+00	8.499913e-01
1.255000e-07	8.500000e-01	8.500000e-01	0.000000e+00	0.000000e+00	8.500050e-01
1.255500e-07	7.650000e-01	8.500000e-01	0.000000e+00	0.000000e+00	8.499425e-01
1.256500e-07	5.950000e-01	8.500000e-01	0.000000e+00	0.000000e+00	8.499450e-01
1.258500e-07	2.550000e-01	8.500000e-01	0.000000e+00	0.000000e+00	8.499953e-01
1.260000e-07	0.000000e+00	8.500000e-01	0.000000e+00	0.000000e+00	8.499836e-01
1.260400e-07	0.000000e+00	8.500000e-01	0.000000e+00	0.000000e+00	8.500307e-01
1.261200e-07	0.000000e+00	8.500000e-01	0.000000e+00	0.000000e+00	8.500381e-01
1.262800e-07	0.000000e+00	8.500000e-01	0.000000e+00	0.000000e+00	8.499874e-01
1.266000e-07	0.000000e+00	8.500000e-01	0.000000e+00	0.000000e+00	8.500023e-01
1.272400e-07	0.000000e+00	8.500000e-01	0.000000e+00	0.000000e+00	8.499911e-01
1.285200e-07	0.000000e+00	8.500000e-01	0.000000e+00	0.000000e+00	8.499994e-01
1.305000e-07	0.000000e+00	8.500000e-01	0.000000e+00	0.000000e+00	8.499914e-01
1.305500e-07	0.000000e+00	7.650000e-01	0.000000e+00	0.000000e+00	8.499686e-01
1.306500e-07	0.000000e+00	5.950000e-01	0.000000e+00	0.000000e+00	8.499847e-01
1.308500e-07	0.000000e+00	2.550000e-01	0.000000e+00	0.000000e+00	8.500420e-01
1.310000e-07	0.000000e+00	0.000000e+00	0.000000e+00	0.000000e+00	8.499868e-01
1.310227e-07	0.000000e+00	0.000000e+00	0.000000e+00	0.000000e+00	8.499885e-01
1.310681e-07	0.000000e+00	0.000000e+00	0.000000e+00	0.000000e+00	8.499231e-01
1.311590e-07	0.000000e+00	0.000000e+00	0.000000e+00	0.000000e+00	8.499622e-01
1.313385e-07	0.000000e+00	0.000000e+00	0.000000e+00	0.000000e+00	8.500301e-01
1.315049e-07	0.000000e+00	0.000000e+00	0.000000e+00	0.000000e+00	8.499720e-01
1.318376e-07	0.000000e+00	0.000000e+00	0.000000e+00	0.000000e+00	8.500112e-01
1.325031e-07	0.000000e+00	0.000000e+00	0.000000e+00	0.000000e+00	8.499789e-01
1.338340e-07	0.000000e+00	0.000000e+00	0.000000e+00	0.000000e+00	8.500103e-01
1.364958e-07	0.000000e+00	0.000000e+00	0.000000e+00	0.000000e+00	8.499803e-01
1.400000e-07	0.000000e+00	0.000000e+00	0.000000e+00	0.000000e+00	8.500096e-01
1.400500e-07	0.000000e+00	8.500000e-02	8.500000e-02	0.000000e+00	8.603941e-01
1.401500e-07	0.000000e+00	2.550000e-01	2.550000e-01	0.000000e+00	8.684732e-01
1.402854e-07	0.000000e+00	4.851762e-01	4.851762e-01	0.000000e+00	8.425476e-01
1.404367e-07	0.000000e+00	7.423344e-01	7.423344e-01	0.000000e+00	8.528031e-01
1.405000e-07	0.000000e+00	8.500000e-01	8.500000e-01	0.000000e+00	8.541620e-01
1.405156e-07	0.000000e+00	8.500000e-01	8.500000e-01	0.000000e+00	8.522427e-01
1.405467e-07	0.000000e+00	8.500000e-01	8.500000e-01	0.000000e+00	8.502354e-01
1.405911e-07	0.000000e+00	8.500000e-01	8.500000e-01	0.000000e+00	8.499895e-01
1.406380e-07	0.000000e+00	8.500000e-01	8.500000e-01	0.000000e+00	8.499656e-01
1.407069e-07	0.000000e+00	8.500000e-01	8.500000e-01	0.000000e+00	8.499971e-01
1.408227e-07	0.000000e+00	8.500000e-01	8.500000e-01	0.000000e+00	8.499795e-01
1.409302e-07	0.000000e+00	8.500000e-01	8.500000e-01	0.000000e+00	8.500008e-01
1.411453e-07	0.000000e+00	8.500000e-01	8.500000e-01	0.000000e+00	8.499902e-01
1.415753e-07	0.000000e+00	8.500000e-01	8.500000e-01	0.000000e+00	8.500004e-01
1.424355e-07	0.000000e+00	8.500000e-01	8.500000e-01	0.000000e+00	8.499913e-01
1.441558e-07	0.000000e+00	8.500000e-01	8.500000e-01	0.000000e+00	8.499999e-01
1.450000e-07	0.000000e+00	8.500000e-01	8.500000e-01	0.000000e+00	8.499917e-01
1.450500e-07	8.500000e-02	8.500000e-01	8.500000e-01	8.500000e-02	8.500282e-01
1.451500e-07	2.550000e-01	8.500000e-01	8.500000e-01	2.550000e-01	8.500232e-01
1.452862e-07	4.864682e-01	8.500000e-01	8.500000e-01	4.864682e-01	8.500658e-01
1.454540e-07	7.717632e-01	8.500000e-01	8.500000e-01	7.717632e-01	8.499705e-01
1.455000e-07	8.500000e-01	8.500000e-01	8.500000e-01	8.500000e-01	8.500526e-01
1.455183e-07	8.500000e-01	8.500000e-01	8.500000e-01	8.500000e-01	8.499007e-01
1.455548e-07	8.500000e-01	8.500000e-01	8.500000e-01	8.500000e-01	8.498713e-01
1.456279e-07	8.500000e-01	8.500000e-01	8.500000e-01	8.500000e-01	8.500297e-01
1.457741e-07	8.500000e-01	8.500000e-01	8.500000e-01	8.500000e-01	8.499681e-01
1.460346e-07	8.500000e-01	8.500000e-01	8.500000e-01	8.500000e-01	8.500215e-01
1.465554e-07	8.500000e-01	8.500000e-01	8.500000e-01	8.500000e-01	8.499766e-01
1.475972e-07	8.500000e-01	8.500000e-01	8.500000e-01	8.500000e-01	8.500184e-01
1.496806e-07	8.500000e-01	8.500000e-01	8.500000e-01	8.500000e-01	8.499783e-01
1.505000e-07	8.500000e-01	8.500000e-01	8.500000e-01	8.500000e-01	8.500165e-01
1.505500e-07	8.500000e-01	7.650000e-01	8.500000e-01	8.500000e-01	8.499698e-01
1.506500e-07	8.500000e-01	5.950000e-01	8.500000e-01	8.500000e-01	8.499896e-01
1.508500e-07	8.500000e-01	2.550000e-01	8.500000e-01	8.500000e-01	8.500790e-01
1.510000e-07	8.500000e-01	0.000000e+00	8.500000e-01	8.500000e-01	8.499224e-01
1.510215e-07	8.500000e-01	0.000000e+00	8.500000e-01	8.500000e-01	8.499677e-01
1.510646e-07	8.500000e-01	0.000000e+00	8.500000e-01	8.500000e-01	8.499281e-01
1.511350e-07	8.500000e-01	0.000000e+00	8.500000e-01	8.500000e-01	8.499642e-01
1.512060e-07	8.500000e-01	0.000000e+00	8.500000e-01	8.500000e-01	8.500263e-01
1.512999e-07	8.500000e-01	0.000000e+00	8.500000e-01	8.500000e-01	8.500098e-01
1.514224e-07	8.500000e-01	0.000000e+00	8.500000e-01	8.500000e-01	8.499972e-01
1.515500e-07	8.500000e-01	0.000000e+00	8.500000e-01	8.500000e-01	8.499979e-01
1.518052e-07	8.500000e-01	0.000000e+00	8.500000e-01	8.500000e-01	8.499990e-01
1.523155e-07	8.500000e-01	0.000000e+00	8.500000e-01	8.500000e-01	8.499970e-01
1.533362e-07	8.500000e-01	0.000000e+00	8.500000e-01	8.500000e-01	8.499992e-01
1.553774e-07	8.500000e-01	0.000000e+00	8.500000e-01	8.500000e-01	8.499969e-01
1.594600e-07	8.500000e-01	0.000000e+00	8.500000e-01	8.500000e-01	8.499993e-01
1.600000e-07	8.500000e-01	0.000000e+00	8.500000e-01	8.500000e-01	8.499968e-01
1.600500e-07	8.500000e-01	8.500000e-02	8.500000e-01	8.500000e-01	8.501090e-01
1.601500e-07	8.500000e-01	2.550000e-01	8.500000e-01	8.500000e-01	8.499071e-01
1.602980e-07	8.500000e-01	5.065489e-01	8.500000e-01	8.500000e-01	8.491895e-01
1.604871e-07	8.500000e-01	8.281002e-01	8.500000e-01	8.500000e-01	8.574582e-01
1.605000e-07	8.500000e-01	8.500000e-01	8.500000e-01	8.500000e-01	8.526300e-01
1.605179e-07	8.500000e-01	8.500000e-01	8.500000e-01	8.500000e-01	8.244337e-01
1.605537e-07	8.500000e-01	8.500000e-01	8.500000e-01	8.500000e-01	5.897110e-01
1.606121e-07	8.500000e-01	8.500000e-01	8.500000e-01	8.500000e-01	6.306464e-02
1.606879e-07	8.500000e-01	8.500000e-01	8.500000e-01	8.500000e-01	-9.934672e-03
1.607693e-07	8.500000e-01	8.500000e-01	8.500000e-01	8.500000e-01	1.001897e-02
1.608960e-07	8.500000e-01	8.500000e-01	8.500000e-01	8.500000e-01	-6.552136e-03
1.610301e-07	8.500000e-01	8.500000e-01	8.500000e-01	8.500000e-01	5.177776e-03
1.612847e-07	8.500000e-01	8.500000e-01	8.500000e-01	8.500000e-01	-4.539362e-03
1.616531e-07	8.500000e-01	8.500000e-01	8.500000e-01	8.500000e-01	4.175070e-03
1.623445e-07	8.500000e-01	8.500000e-01	8.500000e-01	8.500000e-01	-3.970338e-03
1.635272e-07	8.500000e-01	8.500000e-01	8.500000e-01	8.500000e-01	3.874296e-03
1.655000e-07	8.500000e-01	8.500000e-01	8.500000e-01	8.500000e-01	-3.799466e-03
1.655500e-07	7.650000e-01	8.500000e-01	8.500000e-01	8.500000e-01	-5.383490e-04
1.656500e-07	5.950000e-01	8.500000e-01	8.500000e-01	8.500000e-01	3.621399e-04
1.658500e-07	2.550000e-01	8.500000e-01	8.500000e-01	8.500000e-01	-3.057407e-04
1.660000e-07	0.000000e+00	8.500000e-01	8.500000e-01	8.500000e-01	2.914485e-04
1.660263e-07	0.000000e+00	8.500000e-01	8.500000e-01	8.500000e-01	7.228771e-05
1.660789e-07	0.000000e+00	8.500000e-01	8.500000e-01	8.500000e-01	-3.697976e-05
1.661841e-07	0.000000e+00	8.500000e-01	8.500000e-01	8.500000e-01	3.004988e-05
1.663944e-07	0.000000e+00	8.500000e-01	8.500000e-01	8.500000e-01	-2.658315e-05
1.667232e-07	0.000000e+00	8.500000e-01	8.500000e-01	8.500000e-01	2.508177e-05
1.673808e-07	0.000000e+00	8.500000e-01	8.500000e-01	8.500000e-01	-2.381214e-05
1.686959e-07	0.000000e+00	8.500000e-01	8.500000e-01	8.500000e-01	2.374345e-05
1.705000e-07	0.000000e+00	8.500000e-01	8.500000e-01	8.500000e-01	-2.306388e-05
1.705500e-07	0.000000e+00	7.650000e-01	8.500000e-01	8.500000e-01	-3.999726e-05
1.706500e-07	0.000000e+00	5.950000e-01	8.500000e-01	8.500000e-01	2.895787e-05
1.708500e-07	0.000000e+00	2.550000e-01	8.500000e-01	8.500000e-01	6.956227e-06
1.710000e-07	0.000000e+00	0.000000e+00	8.500000e-01	8.500000e-01	1.020304e-04
1.710227e-07	0.000000e+00	0.000000e+00	8.500000e-01	8.500000e-01	-8.745338e-05
1.710681e-07	0.000000e+00	0.000000e+00	8.500000e-01	8.500000e-01	-1.866719e-04
1.711589e-07	0.000000e+00	0.000000e+00	8.500000e-01	8.500000e-01	4.496531e-05
1.713375e-07	0.000000e+00	0.000000e+00	8.500000e-01	8.500000e-01	1.262502e-05
1.715036e-07	0.000000e+00	0.000000e+00	8.500000e-01	8.500000e-01	-3.246174e-06
1.718357e-07	0.000000e+00	0.000000e+00	8.500000e-01	8.500000e-01	-7.572524e-07
1.725001e-07	0.000000e+00	0.000000e+00	8.500000e-01	8.500000e-01	2.709592e-06
1.738288e-07	0.000000e+00	0.000000e+00	8.500000e-01	8.500000e-01	-3.013850e-06
1.764862e-07	0.000000e+00	0.000000e+00	8.500000e-01	8.500000e-01	3.687469e-06
1.800000e-07	0.000000e+00	0.000000e+00	8.500000e-01	8.500000e-01	-3.543926e-06
1.800500e-07	0.000000e+00	8.500000e-02	8.500000e-01	8.500000e-01	2.371401e-05
1.801500e-07	0.000000e+00	2.550000e-01	8.500000e-01	8.500000e-01	-1.492495e-05
1.802918e-07	0.000000e+00	4.960354e-01	8.500000e-01	8.500000e-01	-5.257834e-05
1.804779e-07	0.000000e+00	8.124865e-01	8.500000e-01	8.500000e-01	8.445036e-05
1.805000e-07	0.000000e+00	8.500000e-01	8.500000e-01	8.500000e-01	2.596188e-04
1.805190e-07	0.000000e+00	8.500000e-01	8.500000e-01	8.500000e-01	1.526966e-05
1.805569e-07	0.000000e+00	8.500000e-01	8.500000e-01	8.500000e-01	-8.824029e-05
1.806225e-07	0.000000e+00	8.500000e-01	8.500000e-01	8.500000e-01	2.921170e-05
1.807537e-07	0.000000e+00	8.500000e-01	8.500000e-01	8.500000e-01	-3.269876e-05
1.809863e-07	0.000000e+00	8.500000e-01	8.500000e-01	8.500000e-01	3.109362e-05
1.814515e-07	0.000000e+00	8.500000e-01	8.500000e-01	8.500000e-01	-2.910631e-05
1.823819e-07	0.000000e+00	8.500000e-01	8.500000e-01	8.500000e-01	2.868315e-05
1.842427e-07	0.000000e+00	8.500000e-01	8.500000e-01	8.500000e-01	-2.792344e-05
1.850000e-07	0.000000e+00	8.500000e-01	8.500000e-01	8.500000e-01	2.733831e-05
1.850500e-07	8.500000e-02	8.500000e-01	8.500000e-01	8.500000e-01	2.605477e-05
1.851500e-07	2.550000e-01	8.500000e-01	8.500000e-01	8.500000e-01	2.411553e-06
1.853500e-07	5.950000e-01	8.500000e-01	8.500000e-01	8.500000e-01	3.505308e-05
1.855000e-07	8.500000e-01	8.500000e-01	8.500000e-01	8.500000e-01	-3.380131e-05
1.855304e-07	8.500000e-01	8.500000e-01	8.500000e-01	8.500000e-01	-6.104343e-05
1.855912e-07	8.500000e-01	8.500000e-01	8.500000e-01	8.500000e-01	-2.049004e-05
1.857128e-07	8.500000e-01	8.500000e-01	8.500000e-01	8.500000e-01	1.302019e-05
1.859560e-07	8.500000e-01	8.500000e-01	8.500000e-01	8.500000e-01	-8.785750e-06
1.862937e-07	8.500000e-01	8.500000e-01	8.500000e-01	8.500000e-01	9.785213e-06
1.869691e-07	8.500000e-01	8.500000e-01	8.500000e-01	8.500000e-01	-7.097444e-06
1.883199e-07	8.500000e-01	8.500000e-01	8.500000e-01	8.500000e-01	9.036101e-06
1.905000e-07	8.500000e-01	8.500000e-01	8.500000e-01	8.500000e-01	-6.717643e-06
1.905500e-07	8.500000e-01	7.650000e-01	8.500000e-01	8.500000e-01	-3.810412e-05
1.906500e-07	8.500000e-01	5.950000e-01	8.500000e-01	8.500000e-01	2.888167e-05
1.908500e-07	8.500000e-01	2.550000e-01	8.500000e-01	8.500000e-01	8.795646e-06
1.910000e-07	8.500000e-01	0.000000e+00	8.500000e-01	8.500000e-01	1.018041e-04
1.910227e-07	8.500000e-01	0.000000e+00	8.500000e-01	8.500000e-01	-8.475100e-05
1.910681e-07	8.500000e-01	0.000000e+00	8.500000e-01	8.500000e-01	-1.862368e-04
1.911589e-07	8.500000e-01	0.000000e+00	8.500000e-01	8.500000e-01	2.749163e-05
1.913375e-07	8.500000e-01	0.000000e+00	8.500000e-01	8.500000e-01	2.836102e-05
1.915036e-07	8.500000e-01	0.000000e+00	8.500000e-01	8.500000e-01	-1.443160e-05
1.918357e-07	8.500000e-01	0.000000e+00	8.500000e-01	8.500000e-01	1.107188e-05
1.925001e-07	8.500000e-01	0.000000e+00	8.500000e-01	8.500000e-01	-6.746915e-06
1.938288e-07	8.500000e-01	0.000000e+00	8.500000e-01	8.500000e-01	7.992468e-06
1.955000e-07	8.500000e-01	0.000000e+00	8.500000e-01	8.500000e-01	-5.128577e-06
1.955500e-07	8.500000e-01	0.000000e+00	8.500000e-01	7.650000e-01	-2.413415e-06
1.956500e-07	8.500000e-01	0.000000e+00	8.500000e-01	5.950000e-01	1.949528e-06
1.958500e-07	8.500000e-01	0.000000e+00	8.500000e-01	2.550000e-01	3.524533e-08
1.960000e-07	8.500000e-01	0.000000e+00	8.500000e-01	0.000000e+00	-7.495194e-06
1.960199e-07	8.500000e-01	0.000000e+00	8.500000e-01	0.000000e+00	1.542046e-05
1.960598e-07	8.500000e-01	0.000000e+00	8.500000e-01	0.000000e+00	1.517328e-05
1.961231e-07	8.500000e-01	0.000000e+00	8.500000e-01	0.000000e+00	-6.488734e-06
1.961946e-07	8.500000e-01	0.000000e+00	8.500000e-01	0.000000e+00	-5.125451e-05
1.962768e-07	8.500000e-01	0.000000e+00	8.500000e-01	0.000000e+00	1.477012e-04
1.963558e-07	8.500000e-01	0.000000e+00	8.500000e-01	0.000000e+00	-1.667527e-04
1.964383e-07	8.500000e-01	0.000000e+00	8.500000e-01	0.000000e+00	1.162062e-04
1.965286e-07	8.500000e-01	0.000000e+00	8.500000e-01	0.000000e+00	-8.795838e-05
1.966189e-07	8.500000e-01	0.000000e+00	8.500000e-01	0.000000e+00	6.599599e-05
1.967600e-07	8.500000e-01	0.000000e+00	8.500000e-01	0.000000e+00	-4.600965e-05
1.969688e-07	8.500000e-01	0.000000e+00	8.500000e-01	0.000000e+00	4.042865e-05
1.973863e-07	8.500000e-01	0.000000e+00	8.500000e-01	0.000000e+00	-3.477270e-05
1.982160e-07	8.500000e-01	0.000000e+00	8.500000e-01	0.000000e+00	3.534573e-05
1.997739e-07	8.500000e-01	0.000000e+00	8.500000e-01	0.000000e+00	-3.233861e-05
2.000000e-07	8.500000e-01	0.000000e+00	8.500000e-01	0.000000e+00	2.939947e-05
2.000500e-07	8.500000e-01	8.500000e-02	8.500000e-01	0.000000e+00	2.761020e-05
2.001500e-07	8.500000e-01	2.550000e-01	8.500000e-01	0.000000e+00	6.322410e-06
2.002983e-07	8.500000e-01	5.071723e-01	8.500000e-01	0.000000e+00	1.021312e-04
2.004834e-07	8.500000e-01	8.217496e-01	8.500000e-01	0.000000e+00	-1.855751e-03
2.005000e-07	8.500000e-01	8.500000e-01	8.500000e-01	0.000000e+00	-3.691833e-03
2.005132e-07	8.500000e-01	8.500000e-01	8.275403e-01	0.000000e+00	-7.085128e-03
2.005396e-07	8.500000e-01	8.500000e-01	7.826209e-01	0.000000e+00	-1.400579e-02
2.005925e-07	8.500000e-01	8.500000e-01	6.927821e-01	0.000000e+00	-1.443576e-02
2.006860e-07	8.500000e-01	8.500000e-01	5.338568e-01	0.000000e+00	6.087399e-01
2.007858e-07	8.500000e-01	8.500000e-01	3.642187e-01	0.000000e+00	8.446542e-01
2.008948e-07	8.500000e-01	8.500000e-01	1.787796e-01	0.000000e+00	8.504531e-01
2.010000e-07	8.500000e-01	8.500000e-01	0.000000e+00	0.000000e+00	8.508867e-01
2.010111e-07	8.500000e-01	8.500000e-01	0.000000e+00	0.000000e+00	8.522655e-01
2.010333e-07	8.500000e-01	8.500000e-01	0.000000e+00	0.000000e+00	8.537006e-01
2.010777e-07	8.500000e-01	8.500000e-01	0.000000e+00	0.000000e+00	8.530511e-01
2.011666e-07	8.500000e-01	8.500000e-01	0.000000e+00	0.000000e+00	8.510547e-01
2.013036e-07	8.500000e-01	8.500000e-01	0.000000e+00	0.000000e+00	8.501353e-01
2.015474e-07	8.500000e-01	8.500000e-01	0.000000e+00	0.000000e+00	8.499775e-01
2.020350e-07	8.500000e-01	8.500000e-01	0.000000e+00	0.000000e+00	8.500079e-01
2.030103e-07	8.500000e-01	8.500000e-01	0.000000e+00	0.000000e+00	8.499908e-01
2.049609e-07	8.500000e-01	8.500000e-01	0.000000e+00	0.000000e+00	8.500039e-01
2.055000e-07	8.500000e-01	8.500000e-01	0.000000e+00	0.000000e+00	8.499953e-01
2.055500e-07	7.650000e-01	8.500000e-01	0.000000e+00	0.000000e+00	8.499427e-01
2.056500e-07	5.950000e-01	8.500000e-01	0.000000e+00	0.000000e+00	8.499460e-01
2.058500e-07	2.550000e-01	8.500000e-01	0.000000e+00	0.000000e+00	8.499948e-01
2.060000e-07	0.000000e+00	8.500000e-01	0.000000e+00	0.000000e+00	8.499837e-01
2.060400e-07	0.000000e+00	8.500000e-01	0.000000e+00	0.000000e+00	8.500301e-01
2.061200e-07	0.000000e+00	8.500000e-01	0.000000e+00	0.000000e+00	8.500436e-01
2.062800e-07	0.000000e+00	8.500000e-01	0.000000e+00	0.000000e+00	8.499936e-01
2.066000e-07	0.000000e+00	8.500000e-01	0.000000e+00	0.000000e+00	8.500041e-01
2.072400e-07	0.000000e+00	8.500000e-01	0.000000e+00	0.000000e+00	8.499915e-01
2.085200e-07	0.000000e+00	8.500000e-01	0.000000e+00	0.000000e+00	8.499994e-01
2.105000e-07	0.000000e+00	8.500000e-01	0.000000e+00	0.000000e+00	8.499919e-01
2.105500e-07	0.000000e+00	7.650000e-01	0.000000e+00	0.000000e+00	8.499682e-01
2.106500e-07	0.000000e+00	5.950000e-01	0.000000e+00	0.000000e+00	8.499837e-01
2.108500e-07	0.000000e+00	2.550000e-01	0.000000e+00	0.000000e+00	8.500414e-01
2.110000e-07	0.000000e+00	0.000000e+00	0.000000e+00	0.000000e+00	8.499859e-01
2.110227e-07	0.000000e+00	0.000000e+00	0.000000e+00	0.000000e+00	8.499866e-01
2.110681e-07	0.000000e+00	0.000000e+00	0.000000e+00	0.000000e+00	8.499194e-01
2.111590e-07	0.000000e+00	0.000000e+00	0.000000e+00	0.000000e+00	8.499582e-01
2.113385e-07	0.000000e+00	0.000000e+00	0.000000e+00	0.000000e+00	8.500293e-01
2.115049e-07	0.000000e+00	0.000000e+00	0.000000e+00	0.000000e+00	8.499701e-01
2.118376e-07	0.000000e+00	0.000000e+00	0.000000e+00	0.000000e+00	8.500101e-01
2.125031e-07	0.000000e+00	0.000000e+00	0.000000e+00	0.000000e+00	8.499781e-01
2.138340e-07	0.000000e+00	0.000000e+00	0.000000e+00	0.000000e+00	8.500097e-01
2.164959e-07	0.000000e+00	0.000000e+00	0.000000e+00	0.000000e+00	8.499798e-01
2.200000e-07	0.000000e+00	0.000000e+00	0.000000e+00	0.000000e+00	8.500096e-01
2.200500e-07	0.000000e+00	8.500000e-02	0.000000e+00	0.000000e+00	8.500717e-01
2.201500e-07	0.000000e+00	2.550000e-01	0.000000e+00	0.000000e+00	8.499469e-01
2.202918e-07	0.000000e+00	4.960548e-01	0.000000e+00	0.000000e+00	8.498885e-01
2.204779e-07	0.000000e+00	8.123819e-01	0.000000e+00	0.000000e+00	8.499769e-01
2.205000e-07	0.000000e+00	8.500000e-01	0.000000e+00	0.000000e+00	8.502012e-01
2.205190e-07	0.000000e+00	8.500000e-01	0.000000e+00	0.000000e+00	8.501186e-01
2.205569e-07	0.000000e+00	8.500000e-01	0.000000e+00	0.000000e+00	8.500294e-01
2.206225e-07	0.000000e+00	8.500000e-01	0.000000e+00	0.000000e+00	8.499664e-01
2.207536e-07	0.000000e+00	8.500000e-01	0.000000e+00	0.000000e+00	8.499487e-01
2.209855e-07	0.000000e+00	8.500000e-01	0.000000e+00	0.000000e+00	8.499867e-01
2.214492e-07	0.000000e+00	8.500000e-01	0.000000e+00	0.000000e+00	8.499830e-01
2.223767e-07	0.000000e+00	8.500000e-01	0.000000e+00	0.000000e+00	8.500004e-01
2.242317e-07	0.000000e+00	8.500000e-01	0.000000e+00	0.000000e+00	8.499871e-01
2.250000e-07	0.000000e+00	8.500000e-01	0.000000e+00	0.000000e+00	8.499998e-01
2.250500e-07	8.500000e-02	8.500000e-01	0.000000e+00	0.000000e+00	8.500291e-01
2.251500e-07	2.550000e-01	8.500000e-01	0.000000e+00	0.000000e+00	8.500291e-01
2.253500e-07	5.950000e-01	8.500000e-01	0.000000e+00	0.000000e+00	8.499874e-01
2.255000e-07	8.500000e-01	8.500000e-01	0.000000e+00	0.000000e+00	8.500219e-01
2.255400e-07	8.500000e-01	8.500000e-01	0.000000e+00	0.000000e+00	8.499672e-01
2.256200e-07	8.500000e-01	8.500000e-01	0.000000e+00	0.000000e+00	8.499559e-01
2.257800e-07	8.500000e-01	8.500000e-01	0.000000e+00	0.000000e+00	8.500043e-01
2.261000e-07	8.500000e-01	8.500000e-01	0.000000e+00	0.000000e+00	8.499902e-01
2.267400e-07	8.500000e-01	8.500000e-01	0.000000e+00	0.000000e+00	8.500024e-01
2.280200e-07	8.500000e-01	8.500000e-01	0.000000e+00	0.000000e+00	8.499923e-01
2.305000e-07	8.500000e-01	8.500000e-01	0.000000e+00	0.000000e+00	8.500022e-01
2.305500e-07	8.500000e-01	7.650000e-01	0.000000e+00	0.000000e+00	8.499754e-01
2.306500e-07	8.500000e-01	5.950000e-01	0.000000e+00	0.000000e+00	8.499893e-01
2.308500e-07	8.500000e-01	2.550000e-01	0.000000e+00	0.000000e+00	8.500499e-01
2.310000e-07	8.500000e-01	0.000000e+00	0.000000e+00	0.000000e+00	8.499938e-01
2.310227e-07	8.500000e-01	0.000000e+00	0.000000e+00	0.000000e+00	8.499956e-01
2.310681e-07	8.500000e-01	0.000000e+00	0.000000e+00	0.000000e+00	8.499340e-01
2.311589e-07	8.500000e-01	0.000000e+00	0.000000e+00	0.000000e+00	8.499730e-01
2.313383e-07	8.500000e-01	0.000000e+00	0.000000e+00	0.000000e+00	8.500385e-01
2.315047e-07	8.500000e-01	0.000000e+00	0.000000e+00	0.000000e+00	8.499799e-01
2.318376e-07	8.500000e-01	0.000000e+00	0.000000e+00	0.000000e+00	8.500176e-01
2.325033e-07	8.500000e-01	0.000000e+00	0.000000e+00	0.000000e+00	8.499832e-01
2.338346e-07	8.500000e-01	0.000000e+00	0.000000e+00	0.000000e+00	8.500141e-01
2.364974e-07	8.500000e-01	0.000000e+00	0.000000e+00	0.000000e+00	8.499821e-01
2.400000e-07	8.500000e-01	0.000000e+00	0.000000e+00	0.000000e+00	8.500135e-01
2.400500e-07	8.500000e-01	8.500000e-02	0.000000e+00	0.000000e+00	8.500833e-01
2.401500e-07	8.500000e-01	2.550000e-01	0.000000e+00	0.000000e+00	8.499656e-01
2.402918e-07	8.500000e-01	4.960545e-01	0.000000e+00	0.000000e+00	8.499063e-01
2.404779e-07	8.500000e-01	8.123815e-01	0.000000e+00	0.000000e+00	8.499940e-01
2.405000e-07	8.500000e-01	8.500000e-01	0.000000e+00	0.000000e+00	8.502279e-01
2.405190e-07	8.500000e-01	8.500000e-01	0.000000e+00	0.000000e+00	8.501520e-01
2.405569e-07	8.500000e-01	8.500000e-01	0.000000e+00	0.000000e+00	8.500730e-01
2.406225e-07	8.500000e-01	8.500000e-01	0.000000e+00	0.000000e+00	8.500155e-01
2.407536e-07	8.500000e-01	8.500000e-01	0.000000e+00	0.000000e+00	8.499793e-01
2.409855e-07	8.500000e-01	8.500000e-01	0.000000e+00	0.000000e+00	8.500045e-01
2.414492e-07	8.500000e-01	8.500000e-01	0.000000e+00	0.000000e+00	8.499908e-01
2.423767e-07	8.500000e-01	8.500000e-01	0.000000e+00	0.000000e+00	8.500058e-01
2.442317e-07	8.500000e-01	8.500000e-01	0.000000e+00	0.000000e+00	8.499912e-01
2.450000e-07	8.500000e-01	8.500000e-01	0.000000e+00	2.249931e-14	8.500050e-01
2.450500e-07	8.500000e-01	8.500000e-01	0.000000e+00	8.500000e-02	8.500342e-01
2.451500e-07	8.500000e-01	8.500000e-01	0.000000e+00	2.550000e-01	8.499854e-01
2.452859e-07	8.500000e-01	8.500000e-01	0.000000e+00	4.860127e-01	8.490599e-01
2.454575e-07	8.500000e-01	8.500000e-01	0.000000e+00	7.777378e-01	8.813176e-01
2.455000e-07	8.500000e-01	8.500000e-01	0.000000e+00	8.500000e-01	8.926974e-01
2.455115e-07	8.304679e-01	8.500000e-01	0.000000e+00	8.500000e-01	8.933254e-01
2.455345e-07	7.914038e-01	8.500000e-01	0.000000e+00	8.500000e-01	8.920663e-01
2.455804e-07	7.132755e-01	8.500000e-01	0.000000e+00	8.500000e-01	8.808578e-01
2.456300e-07	6.290268e-01	8.500000e-01	0.000000e+00	8.500000e-01	8.685402e-01
2.456970e-07	5.151451e-01	8.500000e-01	0.000000e+00	8.500000e-01	8.584955e-01
2.457628e-07	4.032702e-01	8.500000e-01	0.000000e+00	8.500000e-01	8.537861e-01
2.458860e-07	1.937229e-01	8.500000e-01	0.000000e+00	8.500000e-01	8.508307e-01
2.460000e-07	0.000000e+00	8.500000e-01	0.000000e+00	8.500000e-01	8.504481e-01
2.460135e-07	0.000000e+00	8.500000e-01	0.000000e+00	8.500000e-01	8.504683e-01
2.460405e-07	0.000000e+00	8.500000e-01	0.000000e+00	8.500000e-01	8.504742e-01
2.460945e-07	0.000000e+00	8.500000e-01	0.000000e+00	8.500000e-01	8.504075e-01
2.462026e-07	0.000000e+00	8.500000e-01	0.000000e+00	8.500000e-01	8.503052e-01
2.464187e-07	0.000000e+00	8.500000e-01	0.000000e+00	8.500000e-01	8.502094e-01
2.468508e-07	0.000000e+00	8.500000e-01	0.000000e+00	8.500000e-01	8.501304e-01
2.477152e-07	0.000000e+00	8.500000e-01	0.000000e+00	8.500000e-01	8.500508e-01
2.494438e-07	0.000000e+00	8.500000e-01	0.000000e+00	8.500000e-01	8.500334e-01
2.505000e-07	0.000000e+00	8.500000e-01	0.000000e+00	8.500000e-01	8.500102e-01
2.505500e-07	0.000000e+00	7.650000e-01	0.000000e+00	8.500000e-01	8.499808e-01
2.506500e-07	0.000000e+00	5.950000e-01	0.000000e+00	8.500000e-01	8.499906e-01
2.508500e-07	0.000000e+00	2.550000e-01	0.000000e+00	8.500000e-01	8.500694e-01
2.510000e-07	0.000000e+00	3.463896e-14	0.000000e+00	8.500000e-01	8.499602e-01
2.510215e-07	0.000000e+00	0.000000e+00	0.000000e+00	8.500000e-01	8.499806e-01
2.510645e-07	0.000000e+00	0.000000e+00	0.000000e+00	8.500000e-01	8.499328e-01
2.511349e-07	0.000000e+00	0.000000e+00	0.000000e+00	8.500000e-01	8.499398e-01
2.512058e-07	0.000000e+00	0.000000e+00	0.000000e+00	8.500000e-01	8.499912e-01
2.512997e-07	0.000000e+00	0.000000e+00	0.000000e+00	8.500000e-01	8.499967e-01
2.514222e-07	0.000000e+00	0.000000e+00	0.000000e+00	8.500000e-01	8.499936e-01
2.515496e-07	0.000000e+00	0.000000e+00	0.000000e+00	8.500000e-01	8.499956e-01
2.518044e-07	0.000000e+00	0.000000e+00	0.000000e+00	8.500000e-01	8.499980e-01
2.523141e-07	0.000000e+00	0.000000e+00	0.000000e+00	8.500000e-01	8.500064e-01
2.533333e-07	0.000000e+00	0.000000e+00	0.000000e+00	8.500000e-01	8.500055e-01
2.553718e-07	0.000000e+00	0.000000e+00	0.000000e+00	8.500000e-01	8.500095e-01
2.594488e-07	0.000000e+00	0.000000e+00	0.000000e+00	8.500000e-01	8.499997e-01
2.600000e-07	0.000000e+00	8.999725e-14	0.000000e+00	8.500000e-01	8.500031e-01
2.600500e-07	0.000000e+00	8.500000e-02	8.500000e-02	8.500000e-01	8.614808e-01
2.601500e-07	0.000000e+00	2.550000e-01	2.550000e-01	8.500000e-01	8.698223e-01
2.602910e-07	0.000000e+00	4.947290e-01	4.947290e-01	8.500000e-01	8.419183e-01
2.604434e-07	0.000000e+00	7.537176e-01	7.537176e-01	8.500000e-01	8.749755e-01
2.605000e-07	0.000000e+00	8.500000e-01	8.500000e-01	8.500000e-01	8.481591e-01
2.605157e-07	0.000000e+00	8.500000e-01	8.500000e-01	8.500000e-01	8.103604e-01
2.605470e-07	0.000000e+00	8.500000e-01	8.500000e-01	8.500000e-01	5.373756e-01
2.606097e-07	0.000000e+00	8.500000e-01	8.500000e-01	8.500000e-01	4.229149e-02
2.606932e-07	0.000000e+00	8.500000e-01	8.500000e-01	8.500000e-01	-6.934221e-03
2.607718e-07	0.000000e+00	8.500000e-01	8.500000e-01	8.500000e-01	7.291797e-03
2.609290e-07	0.000000e+00	8.500000e-01	8.500000e-01	8.500000e-01	-5.113414e-03
2.610799e-07	0.000000e+00	8.500000e-01	8.500000e-01	8.500000e-01	4.083269e-03
2.613818e-07	0.000000e+00	8.500000e-01	8.500000e-01	8.500000e-01	-3.648013e-03
2.618640e-07	0.000000e+00	8.500000e-01	8.500000e-01	8.500000e-01	3.419285e-03
2.627260e-07	0.000000e+00	8.500000e-01	8.500000e-01	8.500000e-01	-3.283805e-03
2.643730e-07	0.000000e+00	8.500000e-01	8.500000e-01	8.500000e-01	3.227651e-03
2.650000e-07	0.000000e+00	8.500000e-01	8.500000e-01	8.500000e-01	-3.056820e-03
2.650500e-07	8.500000e-02	8.500000e-01	8.500000e-01	8.500000e-01	-3.644612e-04
2.651500e-07	2.550000e-01	8.500000e-01	8.500000e-01	8.500000e-01	2.852846e-04
2.653500e-07	5.950000e-01	8.500000e-01	8.500000e-01	8.500000e-01	-2.053886e-04
2.655000e-07	8.500000e-01	8.500000e-01	8.500000e-01	8.500000e-01	1.604500e-04
2.655304e-07	8.500000e-01	8.500000e-01	8.500000e-01	8.500000e-01	-1.679905e-05
2.655912e-07	8.500000e-01	8.500000e-01	8.500000e-01	8.500000e-01	-4.753033e-05
2.657128e-07	8.500000e-01	8.500000e-01	8.500000e-01	8.500000e-01	3.381470e-05
2.659561e-07	8.500000e-01	8.500000e-01	8.500000e-01	8.500000e-01	-2.696780e-05
2.662939e-07	8.500000e-01	8.500000e-01	8.500000e-01	8.500000e-01	2.632604e-05
2.669694e-07	8.500000e-01	8.500000e-01	8.500000e-01	8.500000e-01	-2.286285e-05
2.683206e-07	8.500000e-01	8.500000e-01	8.500000e-01	8.500000e-01	2.443160e-05
2.705000e-07	8.500000e-01	8.500000e-01	8.500000e-01	8.500000e-01	-2.188639e-05
2.705500e-07	8.500000e-01	7.650000e-01	8.500000e-01	8.500000e-01	-4.000584e-05
2.706500e-07	8.500000e-01	5.950000e-01	8.500000e-01	8.500000e-01	3.026241e-05
2.708500e-07	8.500000e-01	2.550000e-01	8.500000e-01	8.500000e-01	7.637853e-06
2.710000e-07	8.500000e-01	3.463896e-14	8.500000e-01	8.500000e-01	1.027214e-04
2.710227e-07	8.500000e-01	0.000000e+00	8.500000e-01	8.500000e-01	-8.448955e-05
2.710681e-07	8.500000e-01	0.000000e+00	8.500000e-01	8.500000e-01	-1.863699e-04
2.711589e-07	8.500000e-01	0.000000e+00	8.500000e-01	8.500000e-01	2.756808e-05
2.713375e-07	8.500000e-01	0.000000e+00	8.500000e-01	8.500000e-01	2.830360e-05
2.715036e-07	8.500000e-01	0.000000e+00	8.500000e-01	8.500000e-01	-1.439399e-05
2.718358e-07	8.500000e-01	0.000000e+00	8.500000e-01	8.500000e-01	1.103987e-05
2.725002e-07	8.500000e-01	0.000000e+00	8.500000e-01	8.500000e-01	-6.717091e-06
2.738289e-07	8.500000e-01	0.000000e+00	8.500000e-01	8.500000e-01	8.224998e-06
2.764865e-07	8.500000e-01	0.000000e+00	8.500000e-01	8.500000e-01	-5.606919e-06
2.800000e-07	8.500000e-01	0.000000e+00	8.500000e-01	8.500000e-01	7.465620e-06
2.800500e-07	8.500000e-01	8.500000e-02	8.500000e-01	8.500000e-01	2.610834e-05
2.801500e-07	8.500000e-01	2.550000e-01	8.500000e-01	8.500000e-01	-1.563434e-05
2.802918e-07	8.500000e-01	4.960358e-01	8.500000e-01	8.500000e-01	-5.037041e-05
2.804779e-07	8.500000e-01	8.124871e-01	8.500000e-01	8.500000e-01	8.459378e-05
2.805000e-07	8.500000e-01	8.500000e-01	8.500000e-01	8.500000e-01	2.540447e-04
2.805190e-07	8.500000e-01	8.500000e-01	8.500000e-01	8.500000e-01	1.392949e-05
2.805569e-07	8.500000e-01	8.500000e-01	8.500000e-01	8.500000e-01	-8.652459e-05
2.806225e-07	8.500000e-01	8.500000e-01	8.500000e-01	8.500000e-01	2.943627e-05
2.807537e-07	8.500000e-01	8.500000e-01	8.500000e-01	8.500000e-01	-4.183273e-05
2.809863e-07	8.500000e-01	8.500000e-01	8.500000e-01	8.500000e-01	2.945774e-05
2.814515e-07	8.500000e-01	8.500000e-01	8.500000e-01	8.500000e-01	-2.586019e-05
2.823819e-07	8.500000e-01	8.500000e-01	8.500000e-01	8.500000e-01	2.733853e-05
2.842427e-07	8.500000e-01	8.500000e-01	8.500000e-01	8.500000e-01	-2.481124e-05
2.855000e-07	8.500000e-01	8.500000e-01	8.500000e-01	8.500000e-01	2.647437e-05
2.855500e-07	7.650000e-01	8.500000e-01	8.500000e-01	8.500000e-01	-5.076390e-05
2.856500e-07	5.950000e-01	8.500000e-01	8.500000e-01	8.500000e-01	7.023322e-06
2.858500e-07	2.550000e-01	8.500000e-01	8.500000e-01	8.500000e-01	-3.196485e-06
2.860000e-07	2.053913e-14	8.500000e-01	8.500000e-01	8.500000e-01	4.669355e-05
2.860263e-07	0.000000e+00	8.500000e-01	8.500000e-01	8.500000e-01	1.139331e-05
2.860789e-07	0.000000e+00	8.500000e-01	8.500000e-01	8.500000e-01	-4.846595e-06
2.861841e-07	0.000000e+00	8.500000e-01	8.500000e-01	8.500000e-01	6.294982e-06
2.863944e-07	0.000000e+00	8.500000e-01	8.500000e-01	8.500000e-01	-6.252440e-06
2.867232e-07	0.000000e+00	8.500000e-01	8.500000e-01	8.500000e-01	6.633301e-06
2.873806e-07	0.000000e+00	8.500000e-01	8.500000e-01	8.500000e-01	-6.246859e-06
2.886956e-07	0.000000e+00	8.500000e-01	8.500000e-01	8.500000e-01	6.600382e-06
2.905000e-07	0.000000e+00	8.500000e-01	8.500000e-01	8.500000e-01	-6.224071e-06
2.905500e-07	0.000000e+00	7.650000e-01	8.500000e-01	8.500000e-01	-3.787424e-05
2.906500e-07	0.000000e+00	5.950000e-01	8.500000e-01	8.500000e-01	2.735494e-05
2.908500e-07	0.000000e+00	2.550000e-01	8.500000e-01	8.500000e-01	8.304593e-06
2.910000e-07	0.000000e+00	3.463896e-14	8.500000e-01	8.500000e-01	1.009590e-04
2.910227e-07	0.000000e+00	0.000000e+00	8.500000e-01	8.500000e-01	-8.775180e-05
2.910681e-07	0.000000e+00	0.000000e+00	8.500000e-01	8.500000e-01	-1.865304e-04
2.911588e-07	0.000000e+00	0.000000e+00	8.500000e-01	8.500000e-01	4.480216e-05
2.913374e-07	0.000000e+00	0.000000e+00	8.500000e-01	8.500000e-01	1.274699e-05
2.915035e-07	0.000000e+00	0.000000e+00	8.500000e-01	8.500000e-01	-3.325171e-06
2.918356e-07	0.000000e+00	0.000000e+00	8.500000e-01	8.500000e-01	-6.897907e-07
2.924999e-07	0.000000e+00	0.000000e+00	8.500000e-01	8.500000e-01	2.646880e-06
2.938285e-07	0.000000e+00	0.000000e+00	8.500000e-01	8.500000e-01	-2.953269e-06
2.955000e-07	0.000000e+00	0.000000e+00	8.500000e-01	8.500000e-01	3.801906e-06
2.955500e-07	0.000000e+00	0.000000e+00	8.500000e-01	7.650000e-01	-1.855312e-06
2.956500e-07	0.000000e+00	0.000000e+00	8.500000e-01	5.950000e-01	6.180617e-08
2.958500e-07	0.000000e+00	0.000000e+00	8.500000e-01	2.550000e-01	-1.824665e-07
2.960000e-07	0.000000e+00	0.000000e+00	8.500000e-01	3.741452e-14	-1.560750e-07
2.960198e-07	0.000000e+00	0.000000e+00	8.500000e-01	0.000000e+00	1.467586e-06
2.960593e-07	0.000000e+00	0.000000e+00	8.500000e-01	0.000000e+00	1.688321e-06
2.961383e-07	0.000000e+00	0.000000e+00	8.500000e-01	0.000000e+00	-4.276604e-07
2.962965e-07	0.000000e+00	0.000000e+00	8.500000e-01	0.000000e+00	6.763218e-07
2.964489e-07	0.000000e+00	0.000000e+00	8.500000e-01	0.000000e+00	-9.633781e-08
2.967539e-07	0.000000e+00	0.000000e+00	8.500000e-01	0.000000e+00	3.563413e-07
2.973638e-07	0.000000e+00	0.000000e+00	8.500000e-01	0.000000e+00	5.679356e-08
2.985836e-07	0.000000e+00	0.000000e+00	8.500000e-01	0.000000e+00	2.864416e-07
3.000000e-07	0.000000e+00	8.999725e-14	8.500000e-01	0.000000e+00	9.717550e-08
