time (time)	v(d) (voltage)	v(clk) (voltage)	v(s) (voltage)	v(r) (voltage)	v(q) (voltage)
0.000000e+00	0.000000e+00	0.000000e+00	0.000000e+00	0.000000e+00	8.499894e-01
1.000000e-12	0.000000e+00	1.700000e-03	0.000000e+00	0.000000e+00	8.500196e-01
2.000000e-12	0.000000e+00	3.400000e-03	0.000000e+00	0.000000e+00	8.500471e-01
4.000000e-12	0.000000e+00	6.800000e-03	0.000000e+00	0.000000e+00	8.500959e-01
8.000000e-12	0.000000e+00	1.360000e-02	0.000000e+00	0.000000e+00	8.501668e-01
1.600000e-11	0.000000e+00	2.720000e-02	0.000000e+00	0.000000e+00	8.502283e-01
3.200000e-11	0.000000e+00	5.440000e-02	0.000000e+00	0.000000e+00	8.502055e-01
6.400000e-11	0.000000e+00	1.088000e-01	0.000000e+00	0.000000e+00	8.500722e-01
1.280000e-10	0.000000e+00	2.176000e-01	0.000000e+00	0.000000e+00	8.499668e-01
2.560000e-10	0.000000e+00	4.352000e-01	0.000000e+00	0.000000e+00	8.499670e-01
4.324878e-10	0.000000e+00	7.352292e-01	0.000000e+00	0.000000e+00	8.498221e-01
5.000000e-10	0.000000e+00	8.500000e-01	0.000000e+00	0.000000e+00	8.503763e-01
5.174713e-10	0.000000e+00	8.500000e-01	0.000000e+00	0.000000e+00	8.502329e-01
5.524138e-10	0.000000e+00	8.500000e-01	0.000000e+00	0.000000e+00	8.500661e-01
6.222989e-10	0.000000e+00	8.500000e-01	0.000000e+00	0.000000e+00	8.500168e-01
7.620690e-10	0.000000e+00	8.500000e-01	0.000000e+00	0.000000e+00	8.499861e-01
1.041609e-09	0.000000e+00	8.500000e-01	0.000000e+00	0.000000e+00	8.499958e-01
1.600690e-09	0.000000e+00	8.500000e-01	0.000000e+00	0.000000e+00	8.499908e-01
2.718851e-09	0.000000e+00	8.500000e-01	0.000000e+00	0.000000e+00	8.499918e-01
4.955174e-09	0.000000e+00	8.500000e-01	0.000000e+00	0.000000e+00	8.499888e-01
9.427819e-09	0.000000e+00	8.500000e-01	0.000000e+00	0.000000e+00	8.499908e-01
1.050000e-08	0.000000e+00	8.500000e-01	0.000000e+00	0.000000e+00	8.499894e-01
1.055000e-08	0.000000e+00	7.650000e-01	0.000000e+00	0.000000e+00	8.499627e-01
1.065000e-08	0.000000e+00	5.950000e-01	0.000000e+00	0.000000e+00	8.499845e-01
1.085000e-08	0.000000e+00	2.550000e-01	0.000000e+00	0.000000e+00	8.500637e-01
1.100000e-08	0.000000e+00	0.000000e+00	0.000000e+00	0.000000e+00	8.500048e-01
1.102412e-08	0.000000e+00	0.000000e+00	0.000000e+00	0.000000e+00	8.500073e-01
1.107235e-08	0.000000e+00	0.000000e+00	0.000000e+00	0.000000e+00	8.499196e-01
1.116883e-08	0.000000e+00	0.000000e+00	0.000000e+00	0.000000e+00	8.499542e-01
1.134128e-08	0.000000e+00	0.000000e+00	0.000000e+00	0.000000e+00	8.500494e-01
1.152964e-08	0.000000e+00	0.000000e+00	0.000000e+00	0.000000e+00	8.499710e-01
1.184541e-08	0.000000e+00	0.000000e+00	0.000000e+00	0.000000e+00	8.500137e-01
1.247695e-08	0.000000e+00	0.000000e+00	0.000000e+00	0.000000e+00	8.499740e-01
1.374003e-08	0.000000e+00	0.000000e+00	0.000000e+00	0.000000e+00	8.500070e-01
1.626619e-08	0.000000e+00	0.000000e+00	0.000000e+00	0.000000e+00	8.499739e-01
2.000000e-08	0.000000e+00	0.000000e+00	0.000000e+00	0.000000e+00	8.500053e-01
2.005000e-08	0.000000e+00	8.500000e-02	8.500000e-02	0.000000e+00	8.608910e-01
2.015000e-08	0.000000e+00	2.550000e-01	2.550000e-01	0.000000e+00	8.696783e-01
2.028583e-08	0.000000e+00	4.859138e-01	4.859138e-01	0.000000e+00	8.430883e-01
2.044193e-08	0.000000e+00	7.512751e-01	7.512751e-01	0.000000e+00	8.518375e-01
2.050000e-08	0.000000e+00	8.500000e-01	8.500000e-01	0.000000e+00	8.547422e-01
2.051419e-08	0.000000e+00	8.500000e-01	8.500000e-01	0.000000e+00	8.528800e-01
2.054256e-08	0.000000e+00	8.500000e-01	8.500000e-01	0.000000e+00	8.506893e-01
2.059931e-08	0.000000e+00	8.500000e-01	8.500000e-01	0.000000e+00	8.499901e-01
2.065094e-08	0.000000e+00	8.500000e-01	8.500000e-01	0.000000e+00	8.499305e-01
2.072265e-08	0.000000e+00	8.500000e-01	8.500000e-01	0.000000e+00	8.499893e-01
2.079685e-08	0.000000e+00	8.500000e-01	8.500000e-01	0.000000e+00	8.499765e-01
2.090262e-08	0.000000e+00	8.500000e-01	8.500000e-01	0.000000e+00	8.499834e-01
2.111176e-08	0.000000e+00	8.500000e-01	8.500000e-01	0.000000e+00	8.499901e-01
2.153005e-08	0.000000e+00	8.500000e-01	8.500000e-01	0.000000e+00	8.499882e-01
2.236662e-08	0.000000e+00	8.500000e-01	8.500000e-01	0.000000e+00	8.499906e-01
2.403975e-08	0.000000e+00	8.500000e-01	8.500000e-01	0.000000e+00	8.499881e-01
2.500000e-08	0.000000e+00	8.500000e-01	8.500000e-01	0.000000e+00	8.499907e-01
2.505000e-08	8.500000e-02	8.500000e-01	8.500000e-01	0.000000e+00	8.500323e-01
2.515000e-08	2.550000e-01	8.500000e-01	8.500000e-01	0.000000e+00	8.500334e-01
2.535000e-08	5.950000e-01	8.500000e-01	8.500000e-01	0.000000e+00	8.500580e-01
2.550000e-08	8.500000e-01	8.500000e-01	8.500000e-01	0.000000e+00	8.499560e-01
2.552466e-08	8.500000e-01	8.500000e-01	8.500000e-01	0.000000e+00	8.498756e-01
2.557398e-08	8.500000e-01	8.500000e-01	8.500000e-01	0.000000e+00	8.498886e-01
2.563678e-08	8.500000e-01	8.500000e-01	8.500000e-01	0.000000e+00	8.500203e-01
2.570536e-08	8.500000e-01	8.500000e-01	8.500000e-01	0.000000e+00	8.499988e-01
2.578117e-08	8.500000e-01	8.500000e-01	8.500000e-01	0.000000e+00	8.499856e-01
2.590623e-08	8.500000e-01	8.500000e-01	8.500000e-01	0.000000e+00	8.500122e-01
2.603670e-08	8.500000e-01	8.500000e-01	8.500000e-01	0.000000e+00	8.499860e-01
2.629764e-08	8.500000e-01	8.500000e-01	8.500000e-01	0.000000e+00	8.500019e-01
2.675421e-08	8.500000e-01	8.500000e-01	8.500000e-01	0.000000e+00	8.499900e-01
2.756024e-08	8.500000e-01	8.500000e-01	8.500000e-01	0.000000e+00	8.500000e-01
2.917230e-08	8.500000e-01	8.500000e-01	8.500000e-01	0.000000e+00	8.499909e-01
3.050000e-08	8.500000e-01	8.500000e-01	8.500000e-01	0.000000e+00	8.499994e-01
3.055000e-08	8.500000e-01	7.650000e-01	8.500000e-01	0.000000e+00	8.499551e-01
3.065000e-08	8.500000e-01	5.950000e-01	8.500000e-01	0.000000e+00	8.499797e-01
3.085000e-08	8.500000e-01	2.550000e-01	8.500000e-01	0.000000e+00	8.500826e-01
3.100000e-08	8.500000e-01	0.000000e+00	8.500000e-01	0.000000e+00	8.499828e-01
3.102411e-08	8.500000e-01	0.000000e+00	8.500000e-01	0.000000e+00	8.500010e-01
3.107233e-08	8.500000e-01	0.000000e+00	8.500000e-01	0.000000e+00	8.498822e-01
3.116877e-08	8.500000e-01	0.000000e+00	8.500000e-01	0.000000e+00	8.499322e-01
3.134126e-08	8.500000e-01	0.000000e+00	8.500000e-01	0.000000e+00	8.500696e-01
3.152964e-08	8.500000e-01	0.000000e+00	8.500000e-01	0.000000e+00	8.499535e-01
3.184534e-08	8.500000e-01	0.000000e+00	8.500000e-01	0.000000e+00	8.500275e-01
3.247674e-08	8.500000e-01	0.000000e+00	8.500000e-01	0.000000e+00	8.499668e-01
3.373952e-08	8.500000e-01	0.000000e+00	8.500000e-01	0.000000e+00	8.500221e-01
3.626510e-08	8.500000e-01	0.000000e+00	8.500000e-01	0.000000e+00	8.499694e-01
4.000000e-08	8.500000e-01	0.000000e+00	8.500000e-01	0.000000e+00	8.500207e-01
4.005000e-08	8.500000e-01	8.500000e-02	8.500000e-01	0.000000e+00	8.501388e-01
4.015000e-08	8.500000e-01	2.550000e-01	8.500000e-01	0.000000e+00	8.499393e-01
4.029920e-08	8.500000e-01	5.086347e-01	8.500000e-01	0.000000e+00	8.498453e-01
4.048864e-08	8.500000e-01	8.306859e-01	8.500000e-01	0.000000e+00	8.500168e-01
4.050000e-08	8.500000e-01	8.500000e-01	8.500000e-01	0.000000e+00	8.502286e-01
4.051307e-08	8.500000e-01	8.500000e-01	8.500000e-01	0.000000e+00	8.502277e-01
4.053920e-08	8.500000e-01	8.500000e-01	8.500000e-01	0.000000e+00	8.502419e-01
4.059014e-08	8.500000e-01	8.500000e-01	8.500000e-01	0.000000e+00	8.501087e-01
4.069201e-08	8.500000e-01	8.500000e-01	8.500000e-01	0.000000e+00	8.499229e-01
4.083499e-08	8.500000e-01	8.500000e-01	8.500000e-01	0.000000e+00	8.499978e-01
4.112093e-08	8.500000e-01	8.500000e-01	8.500000e-01	0.000000e+00	8.499906e-01
4.169282e-08	8.500000e-01	8.500000e-01	8.500000e-01	0.000000e+00	8.499984e-01
4.283659e-08	8.500000e-01	8.500000e-01	8.500000e-01	0.000000e+00	8.499929e-01
4.512414e-08	8.500000e-01	8.500000e-01	8.500000e-01	0.000000e+00	8.499974e-01
4.550000e-08	8.500000e-01	8.500000e-01	8.500000e-01	0.000000e+00	8.499948e-01
4.555000e-08	7.650000e-01	8.500000e-01	8.500000e-01	0.000000e+00	8.498304e-01
4.565000e-08	5.950000e-01	8.500000e-01	8.500000e-01	0.000000e+00	8.499589e-01
4.585000e-08	2.550000e-01	8.500000e-01	8.500000e-01	0.000000e+00	8.500020e-01
4.600000e-08	3.663736e-15	8.500000e-01	8.500000e-01	0.000000e+00	8.500740e-01
4.601796e-08	0.000000e+00	8.500000e-01	8.500000e-01	0.000000e+00	8.500709e-01
4.605387e-08	0.000000e+00	8.500000e-01	8.500000e-01	0.000000e+00	8.500514e-01
4.611114e-08	0.000000e+00	8.500000e-01	8.500000e-01	0.000000e+00	8.499994e-01
4.616953e-08	0.000000e+00	8.500000e-01	8.500000e-01	0.000000e+00	8.499597e-01
4.624648e-08	0.000000e+00	8.500000e-01	8.500000e-01	0.000000e+00	8.500182e-01
4.633934e-08	0.000000e+00	8.500000e-01	8.500000e-01	0.000000e+00	8.499761e-01
4.644575e-08	0.000000e+00	8.500000e-01	8.500000e-01	0.000000e+00	8.499941e-01
4.665859e-08	0.000000e+00	8.500000e-01	8.500000e-01	0.000000e+00	8.499863e-01
4.708426e-08	0.000000e+00	8.500000e-01	8.500000e-01	0.000000e+00	8.499917e-01
4.793561e-08	0.000000e+00	8.500000e-01	8.500000e-01	0.000000e+00	8.499873e-01
4.963830e-08	0.000000e+00	8.500000e-01	8.500000e-01	0.000000e+00	8.499913e-01
5.050000e-08	0.000000e+00	8.500000e-01	8.500000e-01	0.000000e+00	8.499877e-01
5.055000e-08	0.000000e+00	7.650000e-01	8.500000e-01	0.000000e+00	8.499469e-01
5.065000e-08	0.000000e+00	5.950000e-01	8.500000e-01	0.000000e+00	8.499755e-01
5.085000e-08	0.000000e+00	2.550000e-01	8.500000e-01	0.000000e+00	8.500923e-01
5.100000e-08	0.000000e+00	1.221245e-14	8.500000e-01	0.000000e+00	8.499249e-01
5.102284e-08	0.000000e+00	0.000000e+00	8.500000e-01	0.000000e+00	8.499676e-01
5.106853e-08	0.000000e+00	0.000000e+00	8.500000e-01	0.000000e+00	8.498812e-01
5.114032e-08	0.000000e+00	0.000000e+00	8.500000e-01	0.000000e+00	8.499290e-01
5.121733e-08	0.000000e+00	0.000000e+00	8.500000e-01	0.000000e+00	8.500203e-01
5.130880e-08	0.000000e+00	0.000000e+00	8.500000e-01	0.000000e+00	8.500052e-01
5.140200e-08	0.000000e+00	0.000000e+00	8.500000e-01	0.000000e+00	8.499976e-01
5.152009e-08	0.000000e+00	0.000000e+00	8.500000e-01	0.000000e+00	8.499868e-01
5.175627e-08	0.000000e+00	0.000000e+00	8.500000e-01	0.000000e+00	8.499923e-01
5.222863e-08	0.000000e+00	0.000000e+00	8.500000e-01	0.000000e+00	8.499859e-01
5.317336e-08	0.000000e+00	0.000000e+00	8.500000e-01	0.000000e+00	8.499926e-01
5.506281e-08	0.000000e+00	0.000000e+00	8.500000e-01	0.000000e+00	8.499862e-01
5.884172e-08	0.000000e+00	0.000000e+00	8.500000e-01	0.000000e+00	8.499925e-01
6.000000e-08	0.000000e+00	0.000000e+00	8.500000e-01	0.000000e+00	8.499865e-01
6.005000e-08	0.000000e+00	8.500000e-02	8.500000e-01	0.000000e+00	8.501259e-01
6.015000e-08	0.000000e+00	2.550000e-01	8.500000e-01	0.000000e+00	8.498963e-01
6.030273e-08	0.000000e+00	5.146345e-01	8.500000e-01	0.000000e+00	8.490856e-01
6.049842e-08	0.000000e+00	8.473072e-01	8.500000e-01	0.000000e+00	8.648809e-01
6.050000e-08	0.000000e+00	8.500000e-01	8.500000e-01	0.000000e+00	8.649965e-01
6.050317e-08	0.000000e+00	8.500000e-01	8.500000e-01	0.000000e+00	8.648688e-01
6.050950e-08	0.000000e+00	8.500000e-01	8.500000e-01	0.000000e+00	8.640176e-01
6.052218e-08	0.000000e+00	8.500000e-01	8.500000e-01	0.000000e+00	8.581898e-01
6.054752e-08	0.000000e+00	8.500000e-01	8.500000e-01	0.000000e+00	8.264848e-01
6.059821e-08	0.000000e+00	8.500000e-01	8.500000e-01	0.000000e+00	4.051761e-01
6.068930e-08	0.000000e+00	8.500000e-01	8.500000e-01	0.000000e+00	3.666032e-03
6.078243e-08	0.000000e+00	8.500000e-01	8.500000e-01	0.000000e+00	5.709012e-03
6.088553e-08	0.000000e+00	8.500000e-01	8.500000e-01	0.000000e+00	-1.691584e-03
6.103759e-08	0.000000e+00	8.500000e-01	8.500000e-01	0.000000e+00	1.593020e-03
6.128811e-08	0.000000e+00	8.500000e-01	8.500000e-01	0.000000e+00	-1.375039e-03
6.170734e-08	0.000000e+00	8.500000e-01	8.500000e-01	0.000000e+00	1.261053e-03
6.254582e-08	0.000000e+00	8.500000e-01	8.500000e-01	0.000000e+00	-1.204373e-03
6.422278e-08	0.000000e+00	8.500000e-01	8.500000e-01	0.000000e+00	1.179727e-03
6.500000e-08	0.000000e+00	8.500000e-01	8.500000e-01	0.000000e+00	-1.122600e-03
6.505000e-08	8.500000e-02	8.500000e-01	8.500000e-01	0.000000e+00	-1.228214e-04
6.515000e-08	2.550000e-01	8.500000e-01	8.500000e-01	0.000000e+00	1.210174e-04
6.535000e-08	5.950000e-01	8.500000e-01	8.500000e-01	0.000000e+00	-4.819484e-05
6.550000e-08	8.500000e-01	8.500000e-01	8.500000e-01	0.000000e+00	3.698484e-05
6.552467e-08	8.500000e-01	8.500000e-01	8.500000e-01	0.000000e+00	-6.698686e-05
6.557401e-08	8.500000e-01	8.500000e-01	8.500000e-01	0.000000e+00	-4.594182e-05
6.563678e-08	8.500000e-01	8.500000e-01	8.500000e-01	0.000000e+00	2.435099e-05
6.570535e-08	8.500000e-01	8.500000e-01	8.500000e-01	0.000000e+00	-2.479441e-05
6.578117e-08	8.500000e-01	8.500000e-01	8.500000e-01	0.000000e+00	1.135180e-05
6.590636e-08	8.500000e-01	8.500000e-01	8.500000e-01	0.000000e+00	-1.898226e-06
6.603695e-08	8.500000e-01	8.500000e-01	8.500000e-01	0.000000e+00	5.557314e-06
6.629813e-08	8.500000e-01	8.500000e-01	8.500000e-01	0.000000e+00	7.728400e-07
6.675542e-08	8.500000e-01	8.500000e-01	8.500000e-01	0.000000e+00	4.739825e-06
6.756218e-08	8.500000e-01	8.500000e-01	8.500000e-01	0.000000e+00	1.150876e-06
6.917571e-08	8.500000e-01	8.500000e-01	8.500000e-01	0.000000e+00	4.550756e-06
7.050000e-08	8.500000e-01	8.500000e-01	8.500000e-01	0.000000e+00	1.277824e-06
7.055000e-08	8.500000e-01	7.650000e-01	8.500000e-01	0.000000e+00	-4.794026e-05
7.065000e-08	8.500000e-01	5.950000e-01	8.500000e-01	0.000000e+00	3.003740e-05
7.085000e-08	8.500000e-01	2.550000e-01	8.500000e-01	0.000000e+00	1.309656e-05
7.100000e-08	8.500000e-01	1.221245e-14	8.500000e-01	0.000000e+00	1.559263e-04
7.102345e-08	8.500000e-01	0.000000e+00	8.500000e-01	0.000000e+00	-1.849241e-05
7.107035e-08	8.500000e-01	0.000000e+00	8.500000e-01	0.000000e+00	-2.324282e-04
7.116415e-08	8.500000e-01	0.000000e+00	8.500000e-01	0.000000e+00	-3.274044e-06
7.124804e-08	8.500000e-01	0.000000e+00	8.500000e-01	0.000000e+00	4.852140e-05
7.134654e-08	8.500000e-01	0.000000e+00	8.500000e-01	0.000000e+00	9.497225e-06
7.145078e-08	8.500000e-01	0.000000e+00	8.500000e-01	0.000000e+00	5.526085e-06
7.160188e-08	8.500000e-01	0.000000e+00	8.500000e-01	0.000000e+00	1.033299e-05
7.175667e-08	8.500000e-01	0.000000e+00	8.500000e-01	0.000000e+00	-3.297451e-06
7.206627e-08	8.500000e-01	0.000000e+00	8.500000e-01	0.000000e+00	8.269680e-06
7.245660e-08	8.500000e-01	0.000000e+00	8.500000e-01	0.000000e+00	-1.764114e-06
7.312851e-08	8.500000e-01	0.000000e+00	8.500000e-01	0.000000e+00	7.081821e-06
7.422079e-08	8.500000e-01	0.000000e+00	8.500000e-01	0.000000e+00	-1.044125e-06
7.622997e-08	8.500000e-01	0.000000e+00	8.500000e-01	0.000000e+00	6.656557e-06
8.000000e-08	8.500000e-01	0.000000e+00	8.500000e-01	0.000000e+00	-8.158045e-07
8.005000e-08	8.500000e-01	8.500000e-02	8.500000e-01	0.000000e+00	3.170783e-05
8.015000e-08	8.500000e-01	2.550000e-01	8.500000e-01	0.000000e+00	2.017397e-05
8.030555e-08	8.500000e-01	5.194342e-01	8.500000e-01	0.000000e+00	1.134250e-04
8.049402e-08	8.500000e-01	8.398366e-01	8.500000e-01	0.000000e+00	-2.003202e-03
8.050000e-08	8.500000e-01	8.500000e-01	8.500000e-01	0.000000e+00	-2.351049e-03
8.051196e-08	8.500000e-01	8.500000e-01	8.296733e-01	0.000000e+00	-4.601621e-03
8.053587e-08	8.500000e-01	8.500000e-01	7.890199e-01	0.000000e+00	-9.554598e-03
8.057743e-08	8.500000e-01	8.500000e-01	7.183627e-01	0.000000e+00	-1.752735e-02
8.066056e-08	8.500000e-01	8.500000e-01	5.770482e-01	0.000000e+00	9.583071e-02
8.075823e-08	8.500000e-01	8.500000e-01	4.110105e-01	0.000000e+00	7.353480e-01
8.086050e-08	8.500000e-01	8.500000e-01	2.371513e-01	0.000000e+00	8.506997e-01
8.099300e-08	8.500000e-01	8.500000e-01	1.189325e-02	0.000000e+00	8.500855e-01
8.100000e-08	8.500000e-01	8.500000e-01	0.000000e+00	0.000000e+00	8.502987e-01
8.101399e-08	8.500000e-01	8.500000e-01	0.000000e+00	0.000000e+00	8.534377e-01
8.104198e-08	8.500000e-01	8.500000e-01	0.000000e+00	0.000000e+00	8.563409e-01
8.109038e-08	8.500000e-01	8.500000e-01	0.000000e+00	0.000000e+00	8.549550e-01
8.118720e-08	8.500000e-01	8.500000e-01	0.000000e+00	0.000000e+00	8.517786e-01
8.131843e-08	8.500000e-01	8.500000e-01	0.000000e+00	0.000000e+00	8.503761e-01
8.155773e-08	8.500000e-01	8.500000e-01	0.000000e+00	0.000000e+00	8.499635e-01
8.203632e-08	8.500000e-01	8.500000e-01	0.000000e+00	0.000000e+00	8.500096e-01
8.299349e-08	8.500000e-01	8.500000e-01	0.000000e+00	0.000000e+00	8.499847e-01
8.490784e-08	8.500000e-01	8.500000e-01	0.000000e+00	0.000000e+00	8.500040e-01
8.550000e-08	8.500000e-01	8.500000e-01	0.000000e+00	0.000000e+00	8.499892e-01
8.555000e-08	7.650000e-01	8.500000e-01	0.000000e+00	0.000000e+00	8.499200e-01
8.565000e-08	5.950000e-01	8.500000e-01	0.000000e+00	0.000000e+00	8.499225e-01
8.585000e-08	2.550000e-01	8.500000e-01	0.000000e+00	0.000000e+00	8.499935e-01
8.600000e-08	2.053913e-14	8.500000e-01	0.000000e+00	0.000000e+00	8.499759e-01
8.604000e-08	0.000000e+00	8.500000e-01	0.000000e+00	0.000000e+00	8.500269e-01
8.612000e-08	0.000000e+00	8.500000e-01	0.000000e+00	0.000000e+00	8.500497e-01
8.628000e-08	0.000000e+00	8.500000e-01	0.000000e+00	0.000000e+00	8.499918e-01
8.660000e-08	0.000000e+00	8.500000e-01	0.000000e+00	0.000000e+00	8.499959e-01
8.724000e-08	0.000000e+00	8.500000e-01	0.000000e+00	0.000000e+00	8.499852e-01
8.852000e-08	0.000000e+00	8.500000e-01	0.000000e+00	0.000000e+00	8.499930e-01
9.050000e-08	0.000000e+00	8.500000e-01	0.000000e+00	0.000000e+00	8.499858e-01
9.055000e-08	0.000000e+00	7.650000e-01	0.000000e+00	0.000000e+00	8.499552e-01
9.065000e-08	0.000000e+00	5.950000e-01	0.000000e+00	0.000000e+00	8.499726e-01
9.085000e-08	0.000000e+00	2.550000e-01	0.000000e+00	0.000000e+00	8.500520e-01
9.100000e-08	0.000000e+00	1.221245e-14	0.000000e+00	0.000000e+00	8.499956e-01
9.102415e-08	0.000000e+00	0.000000e+00	0.000000e+00	0.000000e+00	8.499965e-01
9.107245e-08	0.000000e+00	0.000000e+00	0.000000e+00	0.000000e+00	8.499030e-01
9.116905e-08	0.000000e+00	0.000000e+00	0.000000e+00	0.000000e+00	8.499325e-01
9.134149e-08	0.000000e+00	0.000000e+00	0.000000e+00	0.000000e+00	8.500345e-01
9.152993e-08	0.000000e+00	0.000000e+00	0.000000e+00	0.000000e+00	8.499626e-01
9.184591e-08	0.000000e+00	0.000000e+00	0.000000e+00	0.000000e+00	8.500068e-01
9.247786e-08	0.000000e+00	0.000000e+00	0.000000e+00	0.000000e+00	8.499712e-01
9.374177e-08	0.000000e+00	0.000000e+00	0.000000e+00	0.000000e+00	8.500051e-01
9.626958e-08	0.000000e+00	0.000000e+00	0.000000e+00	0.000000e+00	8.499732e-01
1.000000e-07	0.000000e+00	0.000000e+00	0.000000e+00	0.000000e+00	8.500044e-01
1.000500e-07	0.000000e+00	8.500000e-02	0.000000e+00	0.000000e+00	8.500898e-01
1.001500e-07	0.000000e+00	2.550000e-01	0.000000e+00	0.000000e+00	8.499522e-01
1.002992e-07	0.000000e+00	5.086365e-01	0.000000e+00	0.000000e+00	8.498566e-01
1.004886e-07	0.000000e+00	8.306880e-01	0.000000e+00	0.000000e+00	8.499808e-01
1.005000e-07	0.000000e+00	8.500000e-01	0.000000e+00	0.000000e+00	8.501239e-01
1.005131e-07	0.000000e+00	8.500000e-01	0.000000e+00	0.000000e+00	8.501170e-01
1.005392e-07	0.000000e+00	8.500000e-01	0.000000e+00	0.000000e+00	8.501204e-01
1.005901e-07	0.000000e+00	8.500000e-01	0.000000e+00	0.000000e+00	8.500439e-01
1.006920e-07	0.000000e+00	8.500000e-01	0.000000e+00	0.000000e+00	8.499435e-01
1.008350e-07	0.000000e+00	8.500000e-01	0.000000e+00	0.000000e+00	8.499769e-01
1.011209e-07	0.000000e+00	8.500000e-01	0.000000e+00	0.000000e+00	8.499701e-01
1.016928e-07	0.000000e+00	8.500000e-01	0.000000e+00	0.000000e+00	8.499931e-01
1.028365e-07	0.000000e+00	8.500000e-01	0.000000e+00	0.000000e+00	8.499828e-01
1.050000e-07	0.000000e+00	8.500000e-01	0.000000e+00	0.000000e+00	8.499936e-01
1.050500e-07	8.500000e-02	8.500000e-01	0.000000e+00	0.000000e+00	8.500395e-01
1.051500e-07	2.550000e-01	8.500000e-01	0.000000e+00	0.000000e+00	8.500456e-01
1.053500e-07	5.950000e-01	8.500000e-01	0.000000e+00	0.000000e+00	8.499928e-01
1.055000e-07	8.500000e-01	8.500000e-01	0.000000e+00	0.000000e+00	8.500386e-01
1.055400e-07	8.500000e-01	8.500000e-01	0.000000e+00	0.000000e+00	8.499745e-01
1.056200e-07	8.500000e-01	8.500000e-01	0.000000e+00	0.000000e+00	8.499514e-01
1.057800e-07	8.500000e-01	8.500000e-01	0.000000e+00	0.000000e+00	8.499966e-01
1.061000e-07	8.500000e-01	8.500000e-01	0.000000e+00	0.000000e+00	8.499919e-01
1.067400e-07	8.500000e-01	8.500000e-01	0.000000e+00	0.000000e+00	8.499987e-01
1.080200e-07	8.500000e-01	8.500000e-01	0.000000e+00	0.000000e+00	8.499914e-01
1.105000e-07	8.500000e-01	8.500000e-01	0.000000e+00	0.000000e+00	8.499990e-01
1.105500e-07	8.500000e-01	7.650000e-01	0.000000e+00	0.000000e+00	8.499657e-01
1.106500e-07	8.500000e-01	5.950000e-01	0.000000e+00	0.000000e+00	8.499805e-01
1.108500e-07	8.500000e-01	2.550000e-01	0.000000e+00	0.000000e+00	8.500627e-01
1.110000e-07	8.500000e-01	1.221245e-14	0.000000e+00	0.000000e+00	8.500063e-01
1.110241e-07	8.500000e-01	0.000000e+00	0.000000e+00	0.000000e+00	8.500063e-01
1.110724e-07	8.500000e-01	0.000000e+00	0.000000e+00	0.000000e+00	8.499143e-01
1.111689e-07	8.500000e-01	0.000000e+00	0.000000e+00	0.000000e+00	8.499398e-01
1.113413e-07	8.500000e-01	0.000000e+00	0.000000e+00	0.000000e+00	8.500420e-01
1.115297e-07	8.500000e-01	0.000000e+00	0.000000e+00	0.000000e+00	8.499720e-01
1.118456e-07	8.500000e-01	0.000000e+00	0.000000e+00	0.000000e+00	8.500143e-01
1.124773e-07	8.500000e-01	0.000000e+00	0.000000e+00	0.000000e+00	8.499778e-01
1.137407e-07	8.500000e-01	0.000000e+00	0.000000e+00	0.000000e+00	8.500117e-01
1.162675e-07	8.500000e-01	0.000000e+00	0.000000e+00	0.000000e+00	8.499795e-01
1.200000e-07	8.500000e-01	0.000000e+00	0.000000e+00	0.000000e+00	8.500107e-01
1.200500e-07	8.500000e-01	8.500000e-02	0.000000e+00	0.000000e+00	8.501003e-01
1.201500e-07	8.500000e-01	2.550000e-01	0.000000e+00	0.000000e+00	8.499713e-01
1.202992e-07	8.500000e-01	5.086362e-01	0.000000e+00	0.000000e+00	8.498738e-01
1.204886e-07	8.500000e-01	8.306877e-01	0.000000e+00	0.000000e+00	8.499909e-01
1.205000e-07	8.500000e-01	8.500000e-01	0.000000e+00	0.000000e+00	8.501392e-01
1.205131e-07	8.500000e-01	8.500000e-01	0.000000e+00	0.000000e+00	8.501369e-01
1.205392e-07	8.500000e-01	8.500000e-01	0.000000e+00	0.000000e+00	8.501491e-01
1.205901e-07	8.500000e-01	8.500000e-01	0.000000e+00	0.000000e+00	8.500828e-01
1.206920e-07	8.500000e-01	8.500000e-01	0.000000e+00	0.000000e+00	8.499828e-01
1.208350e-07	8.500000e-01	8.500000e-01	0.000000e+00	0.000000e+00	8.499985e-01
1.211209e-07	8.500000e-01	8.500000e-01	0.000000e+00	0.000000e+00	8.499807e-01
1.216928e-07	8.500000e-01	8.500000e-01	0.000000e+00	0.000000e+00	8.500025e-01
1.228365e-07	8.500000e-01	8.500000e-01	0.000000e+00	0.000000e+00	8.499901e-01
1.251240e-07	8.500000e-01	8.500000e-01	0.000000e+00	0.000000e+00	8.500005e-01
1.255000e-07	8.500000e-01	8.500000e-01	0.000000e+00	0.000000e+00	8.499936e-01
1.255500e-07	7.650000e-01	8.500000e-01	0.000000e+00	0.000000e+00	8.499212e-01
1.256500e-07	5.950000e-01	8.500000e-01	0.000000e+00	0.000000e+00	8.499230e-01
1.258500e-07	2.550000e-01	8.500000e-01	0.000000e+00	0.000000e+00	8.499938e-01
1.260000e-07	0.000000e+00	8.500000e-01	0.000000e+00	0.000000e+00	8.499761e-01
1.260400e-07	0.000000e+00	8.500000e-01	0.000000e+00	0.000000e+00	8.500259e-01
1.261200e-07	0.000000e+00	8.500000e-01	0.000000e+00	0.000000e+00	8.500503e-01
1.262800e-07	0.000000e+00	8.500000e-01	0.000000e+00	0.000000e+00	8.499917e-01
1.266000e-07	0.000000e+00	8.500000e-01	0.000000e+00	0.000000e+00	8.499960e-01
1.272400e-07	0.000000e+00	8.500000e-01	0.000000e+00	0.000000e+00	8.499851e-01
1.285200e-07	0.000000e+00	8.500000e-01	0.000000e+00	0.000000e+00	8.499931e-01
1.305000e-07	0.000000e+00	8.500000e-01	0.000000e+00	0.000000e+00	8.499857e-01
1.305500e-07	0.000000e+00	7.650000e-01	0.000000e+00	0.000000e+00	8.499550e-01
1.306500e-07	0.000000e+00	5.950000e-01	0.000000e+00	0.000000e+00	8.499709e-01
1.308500e-07	0.000000e+00	2.550000e-01	0.000000e+00	0.000000e+00	8.500508e-01
1.310000e-07	0.000000e+00	0.000000e+00	0.000000e+00	0.000000e+00	8.499970e-01
1.310241e-07	0.000000e+00	0.000000e+00	0.000000e+00	0.000000e+00	8.499987e-01
1.310724e-07	0.000000e+00	0.000000e+00	0.000000e+00	0.000000e+00	8.499029e-01
1.311689e-07	0.000000e+00	0.000000e+00	0.000000e+00	0.000000e+00	8.499312e-01
1.313414e-07	0.000000e+00	0.000000e+00	0.000000e+00	0.000000e+00	8.500345e-01
1.315297e-07	0.000000e+00	0.000000e+00	0.000000e+00	0.000000e+00	8.499571e-01
1.318456e-07	0.000000e+00	0.000000e+00	0.000000e+00	0.000000e+00	8.500006e-01
1.324773e-07	0.000000e+00	0.000000e+00	0.000000e+00	0.000000e+00	8.499739e-01
1.337407e-07	0.000000e+00	0.000000e+00	0.000000e+00	0.000000e+00	8.500033e-01
1.362675e-07	0.000000e+00	0.000000e+00	0.000000e+00	0.000000e+00	8.499753e-01
1.400000e-07	0.000000e+00	0.000000e+00	0.000000e+00	0.000000e+00	8.500026e-01
1.400500e-07	0.000000e+00	8.500000e-02	8.500000e-02	0.000000e+00	8.608781e-01
1.401500e-07	0.000000e+00	2.550000e-01	2.550000e-01	0.000000e+00	8.696735e-01
1.402858e-07	0.000000e+00	4.858589e-01	4.858589e-01	0.000000e+00	8.430869e-01
1.404419e-07	0.000000e+00	7.511928e-01	7.511928e-01	0.000000e+00	8.518297e-01
1.405000e-07	0.000000e+00	8.500000e-01	8.500000e-01	0.000000e+00	8.547434e-01
1.405142e-07	0.000000e+00	8.500000e-01	8.500000e-01	0.000000e+00	8.528803e-01
1.405426e-07	0.000000e+00	8.500000e-01	8.500000e-01	0.000000e+00	8.506888e-01
1.405994e-07	0.000000e+00	8.500000e-01	8.500000e-01	0.000000e+00	8.499899e-01
1.406510e-07	0.000000e+00	8.500000e-01	8.500000e-01	0.000000e+00	8.499304e-01
1.407227e-07	0.000000e+00	8.500000e-01	8.500000e-01	0.000000e+00	8.499894e-01
1.407970e-07	0.000000e+00	8.500000e-01	8.500000e-01	0.000000e+00	8.499765e-01
1.409028e-07	0.000000e+00	8.500000e-01	8.500000e-01	0.000000e+00	8.499835e-01
1.411123e-07	0.000000e+00	8.500000e-01	8.500000e-01	0.000000e+00	8.499901e-01
1.415313e-07	0.000000e+00	8.500000e-01	8.500000e-01	0.000000e+00	8.499882e-01
1.423693e-07	0.000000e+00	8.500000e-01	8.500000e-01	0.000000e+00	8.499906e-01
1.440452e-07	0.000000e+00	8.500000e-01	8.500000e-01	0.000000e+00	8.499881e-01
1.450000e-07	0.000000e+00	8.500000e-01	8.500000e-01	0.000000e+00	8.499907e-01
1.450500e-07	8.500000e-02	8.500000e-01	8.500000e-01	8.500000e-02	8.500323e-01
1.451500e-07	2.550000e-01	8.500000e-01	8.500000e-01	2.550000e-01	8.500334e-01
1.452865e-07	4.869897e-01	8.500000e-01	8.500000e-01	4.869897e-01	8.500733e-01
1.454668e-07	7.936390e-01	8.500000e-01	8.500000e-01	7.936390e-01	8.499727e-01
1.455000e-07	8.500000e-01	8.500000e-01	8.500000e-01	8.500000e-01	8.500667e-01
1.455181e-07	8.500000e-01	8.500000e-01	8.500000e-01	8.500000e-01	8.499027e-01
1.455544e-07	8.500000e-01	8.500000e-01	8.500000e-01	8.500000e-01	8.498570e-01
1.456270e-07	8.500000e-01	8.500000e-01	8.500000e-01	8.500000e-01	8.500393e-01
1.457722e-07	8.500000e-01	8.500000e-01	8.500000e-01	8.500000e-01	8.499497e-01
1.460218e-07	8.500000e-01	8.500000e-01	8.500000e-01	8.500000e-01	8.500240e-01
1.465084e-07	8.500000e-01	8.500000e-01	8.500000e-01	8.500000e-01	8.499699e-01
1.474556e-07	8.500000e-01	8.500000e-01	8.500000e-01	8.500000e-01	8.500185e-01
1.493500e-07	8.500000e-01	8.500000e-01	8.500000e-01	8.500000e-01	8.499730e-01
1.505000e-07	8.500000e-01	8.500000e-01	8.500000e-01	8.500000e-01	8.500162e-01
1.505500e-07	8.500000e-01	7.650000e-01	8.500000e-01	8.500000e-01	8.499587e-01
1.506500e-07	8.500000e-01	5.950000e-01	8.500000e-01	8.500000e-01	8.499789e-01
1.508500e-07	8.500000e-01	2.550000e-01	8.500000e-01	8.500000e-01	8.500999e-01
1.510000e-07	8.500000e-01	0.000000e+00	8.500000e-01	8.500000e-01	8.499313e-01
1.510228e-07	8.500000e-01	0.000000e+00	8.500000e-01	8.500000e-01	8.499737e-01
1.510685e-07	8.500000e-01	0.000000e+00	8.500000e-01	8.500000e-01	8.498879e-01
1.511403e-07	8.500000e-01	0.000000e+00	8.500000e-01	8.500000e-01	8.499353e-01
1.512173e-07	8.500000e-01	0.000000e+00	8.500000e-01	8.500000e-01	8.500258e-01
1.513088e-07	8.500000e-01	0.000000e+00	8.500000e-01	8.500000e-01	8.500109e-01
1.514020e-07	8.500000e-01	0.000000e+00	8.500000e-01	8.500000e-01	8.500036e-01
1.515201e-07	8.500000e-01	0.000000e+00	8.500000e-01	8.500000e-01	8.499926e-01
1.517563e-07	8.500000e-01	0.000000e+00	8.500000e-01	8.500000e-01	8.499982e-01
1.522286e-07	8.500000e-01	0.000000e+00	8.500000e-01	8.500000e-01	8.499927e-01
1.531734e-07	8.500000e-01	0.000000e+00	8.500000e-01	8.500000e-01	8.499978e-01
1.550628e-07	8.500000e-01	0.000000e+00	8.500000e-01	8.500000e-01	8.499929e-01
1.588417e-07	8.500000e-01	0.000000e+00	8.500000e-01	8.500000e-01	8.499977e-01
1.600000e-07	8.500000e-01	0.000000e+00	8.500000e-01	8.500000e-01	8.499931e-01
1.600500e-07	8.500000e-01	8.500000e-02	8.500000e-01	8.500000e-01	8.501321e-01
1.601500e-07	8.500000e-01	2.550000e-01	8.500000e-01	8.500000e-01	8.499036e-01
1.603027e-07	8.500000e-01	5.146345e-01	8.500000e-01	8.500000e-01	8.490954e-01
1.604984e-07	8.500000e-01	8.473072e-01	8.500000e-01	8.500000e-01	8.648713e-01
1.605000e-07	8.500000e-01	8.500000e-01	8.500000e-01	8.500000e-01	8.649879e-01
1.605032e-07	8.500000e-01	8.500000e-01	8.500000e-01	8.500000e-01	8.648606e-01
1.605095e-07	8.500000e-01	8.500000e-01	8.500000e-01	8.500000e-01	8.640119e-01
1.605222e-07	8.500000e-01	8.500000e-01	8.500000e-01	8.500000e-01	8.581907e-01
1.605475e-07	8.500000e-01	8.500000e-01	8.500000e-01	8.500000e-01	8.265623e-01
1.605982e-07	8.500000e-01	8.500000e-01	8.500000e-01	8.500000e-01	4.045400e-01
1.606897e-07	8.500000e-01	8.500000e-01	8.500000e-01	8.500000e-01	3.438439e-03
1.607827e-07	8.500000e-01	8.500000e-01	8.500000e-01	8.500000e-01	5.800622e-03
1.608862e-07	8.500000e-01	8.500000e-01	8.500000e-01	8.500000e-01	-1.770581e-03
1.610381e-07	8.500000e-01	8.500000e-01	8.500000e-01	8.500000e-01	1.657115e-03
1.612886e-07	8.500000e-01	8.500000e-01	8.500000e-01	8.500000e-01	-1.426615e-03
1.617096e-07	8.500000e-01	8.500000e-01	8.500000e-01	8.500000e-01	1.313937e-03
1.625518e-07	8.500000e-01	8.500000e-01	8.500000e-01	8.500000e-01	-1.250704e-03
1.642360e-07	8.500000e-01	8.500000e-01	8.500000e-01	8.500000e-01	1.229906e-03
1.655000e-07	8.500000e-01	8.500000e-01	8.500000e-01	8.500000e-01	-1.187700e-03
1.655500e-07	7.650000e-01	8.500000e-01	8.500000e-01	8.500000e-01	-2.439443e-04
1.656500e-07	5.950000e-01	8.500000e-01	8.500000e-01	8.500000e-01	1.235938e-04
1.658500e-07	2.550000e-01	8.500000e-01	8.500000e-01	8.500000e-01	-9.930643e-05
1.660000e-07	0.000000e+00	8.500000e-01	8.500000e-01	8.500000e-01	1.326449e-04
1.660279e-07	0.000000e+00	8.500000e-01	8.500000e-01	8.500000e-01	4.342801e-05
1.660838e-07	0.000000e+00	8.500000e-01	8.500000e-01	8.500000e-01	-2.006643e-05
1.661955e-07	0.000000e+00	8.500000e-01	8.500000e-01	8.500000e-01	1.885722e-05
1.664190e-07	0.000000e+00	8.500000e-01	8.500000e-01	8.500000e-01	-1.660809e-05
1.667338e-07	0.000000e+00	8.500000e-01	8.500000e-01	8.500000e-01	1.652804e-05
1.673633e-07	0.000000e+00	8.500000e-01	8.500000e-01	8.500000e-01	-1.495330e-05
1.686223e-07	0.000000e+00	8.500000e-01	8.500000e-01	8.500000e-01	1.568724e-05
1.705000e-07	0.000000e+00	8.500000e-01	8.500000e-01	8.500000e-01	-1.449545e-05
1.705500e-07	0.000000e+00	7.650000e-01	8.500000e-01	8.500000e-01	-5.103826e-05
1.706500e-07	0.000000e+00	5.950000e-01	8.500000e-01	8.500000e-01	2.927908e-05
1.708500e-07	0.000000e+00	2.550000e-01	8.500000e-01	8.500000e-01	1.636813e-05
1.710000e-07	0.000000e+00	0.000000e+00	8.500000e-01	8.500000e-01	1.426443e-04
1.710241e-07	0.000000e+00	0.000000e+00	8.500000e-01	8.500000e-01	-6.242230e-05
1.710723e-07	0.000000e+00	0.000000e+00	8.500000e-01	8.500000e-01	-2.344710e-04
1.711688e-07	0.000000e+00	0.000000e+00	8.500000e-01	8.500000e-01	1.698556e-05
1.713400e-07	0.000000e+00	0.000000e+00	8.500000e-01	8.500000e-01	3.777995e-05
1.715283e-07	0.000000e+00	0.000000e+00	8.500000e-01	8.500000e-01	-7.068466e-06
1.718425e-07	0.000000e+00	0.000000e+00	8.500000e-01	8.500000e-01	-2.387250e-07
1.724711e-07	0.000000e+00	0.000000e+00	8.500000e-01	8.500000e-01	3.843250e-06
1.737281e-07	0.000000e+00	0.000000e+00	8.500000e-01	8.500000e-01	-3.868137e-06
1.762422e-07	0.000000e+00	0.000000e+00	8.500000e-01	8.500000e-01	5.330505e-06
1.800000e-07	0.000000e+00	0.000000e+00	8.500000e-01	8.500000e-01	-4.609563e-06
1.800500e-07	0.000000e+00	8.500000e-02	8.500000e-01	8.500000e-01	3.226769e-05
1.801500e-07	0.000000e+00	2.550000e-01	8.500000e-01	8.500000e-01	-1.352700e-05
1.802992e-07	0.000000e+00	5.086808e-01	8.500000e-01	8.500000e-01	-7.509084e-05
1.804888e-07	0.000000e+00	8.308915e-01	8.500000e-01	8.500000e-01	1.106913e-04
1.805000e-07	0.000000e+00	8.500000e-01	8.500000e-01	8.500000e-01	3.004433e-04
1.805131e-07	0.000000e+00	8.500000e-01	8.500000e-01	8.500000e-01	1.144830e-04
1.805392e-07	0.000000e+00	8.500000e-01	8.500000e-01	8.500000e-01	-4.046992e-05
1.805900e-07	0.000000e+00	8.500000e-01	8.500000e-01	8.500000e-01	-8.538735e-06
1.806917e-07	0.000000e+00	8.500000e-01	8.500000e-01	8.500000e-01	-2.393581e-05
1.808351e-07	0.000000e+00	8.500000e-01	8.500000e-01	8.500000e-01	1.264298e-05
1.811219e-07	0.000000e+00	8.500000e-01	8.500000e-01	8.500000e-01	-8.633434e-06
1.816955e-07	0.000000e+00	8.500000e-01	8.500000e-01	8.500000e-01	8.803387e-06
1.828428e-07	0.000000e+00	8.500000e-01	8.500000e-01	8.500000e-01	-7.427434e-06
1.850000e-07	0.000000e+00	8.500000e-01	8.500000e-01	8.500000e-01	8.251368e-06
1.850500e-07	8.500000e-02	8.500000e-01	8.500000e-01	8.500000e-01	3.878281e-05
1.851500e-07	2.550000e-01	8.500000e-01	8.500000e-01	8.500000e-01	1.133714e-05
1.853500e-07	5.950000e-01	8.500000e-01	8.500000e-01	8.500000e-01	4.435990e-05
1.855000e-07	8.500000e-01	8.500000e-01	8.500000e-01	8.500000e-01	-3.447331e-05
1.855334e-07	8.500000e-01	8.500000e-01	8.500000e-01	8.500000e-01	-7.743393e-05
1.856002e-07	8.500000e-01	8.500000e-01	8.500000e-01	8.500000e-01	-2.863976e-05
1.857338e-07	8.500000e-01	8.500000e-01	8.500000e-01	8.500000e-01	1.795579e-05
1.860009e-07	8.500000e-01	8.500000e-01	8.500000e-01	8.500000e-01	-8.831792e-06
1.863512e-07	8.500000e-01	8.500000e-01	8.500000e-01	8.500000e-01	1.282237e-05
1.870518e-07	8.500000e-01	8.500000e-01	8.500000e-01	8.500000e-01	-6.315943e-06
1.884529e-07	8.500000e-01	8.500000e-01	8.500000e-01	8.500000e-01	1.173473e-05
1.905000e-07	8.500000e-01	8.500000e-01	8.500000e-01	8.500000e-01	-5.749928e-06
1.905500e-07	8.500000e-01	7.650000e-01	8.500000e-01	8.500000e-01	-4.914517e-05
1.906500e-07	8.500000e-01	5.950000e-01	8.500000e-01	8.500000e-01	3.153830e-05
1.908500e-07	8.500000e-01	2.550000e-01	8.500000e-01	8.500000e-01	1.904860e-05
1.910000e-07	8.500000e-01	0.000000e+00	8.500000e-01	8.500000e-01	1.443262e-04
1.910241e-07	8.500000e-01	0.000000e+00	8.500000e-01	8.500000e-01	-5.750317e-05
1.910724e-07	8.500000e-01	0.000000e+00	8.500000e-01	8.500000e-01	-2.330279e-04
1.911688e-07	8.500000e-01	0.000000e+00	8.500000e-01	8.500000e-01	2.022988e-05
1.913400e-07	8.500000e-01	0.000000e+00	8.500000e-01	8.500000e-01	3.965001e-05
1.915283e-07	8.500000e-01	0.000000e+00	8.500000e-01	8.500000e-01	-4.395170e-06
1.918426e-07	8.500000e-01	0.000000e+00	8.500000e-01	8.500000e-01	1.862512e-06
1.924712e-07	8.500000e-01	0.000000e+00	8.500000e-01	8.500000e-01	6.477615e-06
1.937283e-07	8.500000e-01	0.000000e+00	8.500000e-01	8.500000e-01	-1.725157e-06
1.955000e-07	8.500000e-01	0.000000e+00	8.500000e-01	8.500000e-01	8.136373e-06
1.955500e-07	8.500000e-01	0.000000e+00	8.500000e-01	7.650000e-01	5.668640e-07
1.956500e-07	8.500000e-01	0.000000e+00	8.500000e-01	5.950000e-01	2.076773e-06
1.958500e-07	8.500000e-01	0.000000e+00	8.500000e-01	2.550000e-01	3.250550e-06
1.960000e-07	8.500000e-01	0.000000e+00	8.500000e-01	0.000000e+00	-1.333160e-05
1.960209e-07	8.500000e-01	0.000000e+00	8.500000e-01	0.000000e+00	2.114850e-05
1.960628e-07	8.500000e-01	0.000000e+00	8.500000e-01	0.000000e+00	2.168927e-05
1.961466e-07	8.500000e-01	0.000000e+00	8.500000e-01	0.000000e+00	-5.158821e-06
1.962317e-07	8.500000e-01	0.000000e+00	8.500000e-01	0.000000e+00	-4.488439e-05
1.963163e-07	8.500000e-01	0.000000e+00	8.500000e-01	0.000000e+00	1.370922e-04
1.964196e-07	8.500000e-01	0.000000e+00	8.500000e-01	0.000000e+00	-1.369225e-04
1.965175e-07	8.500000e-01	0.000000e+00	8.500000e-01	0.000000e+00	9.402649e-05
1.966202e-07	8.500000e-01	0.000000e+00	8.500000e-01	0.000000e+00	-7.133800e-05
1.967285e-07	8.500000e-01	0.000000e+00	8.500000e-01	0.000000e+00	6.052213e-05
1.968798e-07	8.500000e-01	0.000000e+00	8.500000e-01	0.000000e+00	-3.732692e-05
1.971316e-07	8.500000e-01	0.000000e+00	8.500000e-01	0.000000e+00	3.600202e-05
1.975918e-07	8.500000e-01	0.000000e+00	8.500000e-01	0.000000e+00	-2.675777e-05
1.983697e-07	8.500000e-01	0.000000e+00	8.500000e-01	0.000000e+00	3.064152e-05
1.999254e-07	8.500000e-01	0.000000e+00	8.500000e-01	0.000000e+00	-2.397543e-05
2.000000e-07	8.500000e-01	0.000000e+00	8.500000e-01	0.000000e+00	1.592838e-05
2.000276e-07	8.500000e-01	4.695619e-02	8.500000e-01	0.000000e+00	5.293238e-05
2.000829e-07	8.500000e-01	1.408686e-01	8.500000e-01	0.000000e+00	9.414725e-06
2.001933e-07	8.500000e-01	3.286934e-01	8.500000e-01	0.000000e+00	4.165229e-05
2.003550e-07	8.500000e-01	6.034332e-01	8.500000e-01	0.000000e+00	1.512600e-04
2.005000e-07	8.500000e-01	8.500000e-01	8.500000e-01	0.000000e+00	-3.343569e-03
2.005163e-07	8.500000e-01	8.500000e-01	8.223285e-01	0.000000e+00	-6.898360e-03
2.005488e-07	8.500000e-01	8.500000e-01	7.669855e-01	0.000000e+00	-1.458988e-02
2.006139e-07	8.500000e-01	8.500000e-01	6.562996e-01	0.000000e+00	-1.027339e-02
2.007276e-07	8.500000e-01	8.500000e-01	4.631294e-01	0.000000e+00	6.625240e-01
2.008318e-07	8.500000e-01	8.500000e-01	2.858832e-01	0.000000e+00	8.450979e-01
2.009570e-07	8.500000e-01	8.500000e-01	7.302183e-02	0.000000e+00	8.550650e-01
2.010000e-07	8.500000e-01	8.500000e-01	0.000000e+00	0.000000e+00	8.525672e-01
2.010128e-07	8.500000e-01	8.500000e-01	0.000000e+00	0.000000e+00	8.541578e-01
2.010384e-07	8.500000e-01	8.500000e-01	0.000000e+00	0.000000e+00	8.556268e-01
2.010897e-07	8.500000e-01	8.500000e-01	0.000000e+00	0.000000e+00	8.543198e-01
2.011921e-07	8.500000e-01	8.500000e-01	0.000000e+00	0.000000e+00	8.514250e-01
2.013346e-07	8.500000e-01	8.500000e-01	0.000000e+00	0.000000e+00	8.502461e-01
2.015958e-07	8.500000e-01	8.500000e-01	0.000000e+00	0.000000e+00	8.499639e-01
2.021183e-07	8.500000e-01	8.500000e-01	0.000000e+00	0.000000e+00	8.500104e-01
2.031633e-07	8.500000e-01	8.500000e-01	0.000000e+00	0.000000e+00	8.499843e-01
2.052532e-07	8.500000e-01	8.500000e-01	0.000000e+00	0.000000e+00	8.500047e-01
2.055000e-07	8.500000e-01	8.500000e-01	0.000000e+00	0.000000e+00	8.499926e-01
2.055500e-07	7.650000e-01	8.500000e-01	0.000000e+00	0.000000e+00	8.499218e-01
2.056500e-07	5.950000e-01	8.500000e-01	0.000000e+00	0.000000e+00	8.499227e-01
2.058500e-07	2.550000e-01	8.500000e-01	0.000000e+00	0.000000e+00	8.499939e-01
2.060000e-07	0.000000e+00	8.500000e-01	0.000000e+00	0.000000e+00	8.499730e-01
2.060400e-07	0.000000e+00	8.500000e-01	0.000000e+00	0.000000e+00	8.500250e-01
2.061200e-07	0.000000e+00	8.500000e-01	0.000000e+00	0.000000e+00	8.500492e-01
2.062800e-07	0.000000e+00	8.500000e-01	0.000000e+00	0.000000e+00	8.499915e-01
2.066000e-07	0.000000e+00	8.500000e-01	0.000000e+00	0.000000e+00	8.499961e-01
2.072400e-07	0.000000e+00	8.500000e-01	0.000000e+00	0.000000e+00	8.499851e-01
2.085200e-07	0.000000e+00	8.500000e-01	0.000000e+00	0.000000e+00	8.499932e-01
2.105000e-07	0.000000e+00	8.500000e-01	0.000000e+00	0.000000e+00	8.499857e-01
2.105500e-07	0.000000e+00	7.650000e-01	0.000000e+00	0.000000e+00	8.499546e-01
2.106500e-07	0.000000e+00	5.950000e-01	0.000000e+00	0.000000e+00	8.499721e-01
2.108500e-07	0.000000e+00	2.550000e-01	0.000000e+00	0.000000e+00	8.500521e-01
2.110000e-07	0.000000e+00	0.000000e+00	0.000000e+00	0.000000e+00	8.499954e-01
2.110241e-07	0.000000e+00	0.000000e+00	0.000000e+00	0.000000e+00	8.499959e-01
2.110724e-07	0.000000e+00	0.000000e+00	0.000000e+00	0.000000e+00	8.498991e-01
2.111690e-07	0.000000e+00	0.000000e+00	0.000000e+00	0.000000e+00	8.499311e-01
2.113415e-07	0.000000e+00	0.000000e+00	0.000000e+00	0.000000e+00	8.500360e-01
2.115299e-07	0.000000e+00	0.000000e+00	0.000000e+00	0.000000e+00	8.499575e-01
2.118459e-07	0.000000e+00	0.000000e+00	0.000000e+00	0.000000e+00	8.500069e-01
2.124778e-07	0.000000e+00	0.000000e+00	0.000000e+00	0.000000e+00	8.499717e-01
2.137416e-07	0.000000e+00	0.000000e+00	0.000000e+00	0.000000e+00	8.500052e-01
2.162692e-07	0.000000e+00	0.000000e+00	0.000000e+00	0.000000e+00	8.499732e-01
2.200000e-07	0.000000e+00	0.000000e+00	0.000000e+00	0.000000e+00	8.500043e-01
2.200500e-07	0.000000e+00	8.500000e-02	0.000000e+00	0.000000e+00	8.500887e-01
2.201500e-07	0.000000e+00	2.550000e-01	0.000000e+00	0.000000e+00	8.499562e-01
2.202992e-07	0.000000e+00	5.086367e-01	0.000000e+00	0.000000e+00	8.498557e-01
2.204886e-07	0.000000e+00	8.306885e-01	0.000000e+00	0.000000e+00	8.499801e-01
2.205000e-07	0.000000e+00	8.500000e-01	0.000000e+00	0.000000e+00	8.501238e-01
2.205131e-07	0.000000e+00	8.500000e-01	0.000000e+00	0.000000e+00	8.501178e-01
2.205392e-07	0.000000e+00	8.500000e-01	0.000000e+00	0.000000e+00	8.501218e-01
2.205901e-07	0.000000e+00	8.500000e-01	0.000000e+00	0.000000e+00	8.500428e-01
2.206920e-07	0.000000e+00	8.500000e-01	0.000000e+00	0.000000e+00	8.499417e-01
2.208350e-07	0.000000e+00	8.500000e-01	0.000000e+00	0.000000e+00	8.499759e-01
2.211209e-07	0.000000e+00	8.500000e-01	0.000000e+00	0.000000e+00	8.499696e-01
2.216928e-07	0.000000e+00	8.500000e-01	0.000000e+00	0.000000e+00	8.499934e-01
2.228365e-07	0.000000e+00	8.500000e-01	0.000000e+00	0.000000e+00	8.499823e-01
2.250000e-07	0.000000e+00	8.500000e-01	0.000000e+00	0.000000e+00	8.499939e-01
2.250500e-07	8.500000e-02	8.500000e-01	0.000000e+00	0.000000e+00	8.500396e-01
2.251500e-07	2.550000e-01	8.500000e-01	0.000000e+00	0.000000e+00	8.500450e-01
2.253500e-07	5.950000e-01	8.500000e-01	0.000000e+00	0.000000e+00	8.499929e-01
2.255000e-07	8.500000e-01	8.500000e-01	0.000000e+00	0.000000e+00	8.500385e-01
2.255400e-07	8.500000e-01	8.500000e-01	0.000000e+00	0.000000e+00	8.499744e-01
2.256200e-07	8.500000e-01	8.500000e-01	0.000000e+00	0.000000e+00	8.499514e-01
2.257800e-07	8.500000e-01	8.500000e-01	0.000000e+00	0.000000e+00	8.499966e-01
2.261000e-07	8.500000e-01	8.500000e-01	0.000000e+00	0.000000e+00	8.499919e-01
2.267400e-07	8.500000e-01	8.500000e-01	0.000000e+00	0.000000e+00	8.499987e-01
2.280200e-07	8.500000e-01	8.500000e-01	0.000000e+00	0.000000e+00	8.499914e-01
2.305000e-07	8.500000e-01	8.500000e-01	0.000000e+00	0.000000e+00	8.499990e-01
2.305500e-07	8.500000e-01	7.650000e-01	0.000000e+00	0.000000e+00	8.499658e-01
2.306500e-07	8.500000e-01	5.950000e-01	0.000000e+00	0.000000e+00	8.499806e-01
2.308500e-07	8.500000e-01	2.550000e-01	0.000000e+00	0.000000e+00	8.500626e-01
2.310000e-07	8.500000e-01	0.000000e+00	0.000000e+00	0.000000e+00	8.500062e-01
2.310241e-07	8.500000e-01	0.000000e+00	0.000000e+00	0.000000e+00	8.500065e-01
2.310724e-07	8.500000e-01	0.000000e+00	0.000000e+00	0.000000e+00	8.499145e-01
2.311689e-07	8.500000e-01	0.000000e+00	0.000000e+00	0.000000e+00	8.499397e-01
2.313413e-07	8.500000e-01	0.000000e+00	0.000000e+00	0.000000e+00	8.500419e-01
2.315297e-07	8.500000e-01	0.000000e+00	0.000000e+00	0.000000e+00	8.499720e-01
2.318455e-07	8.500000e-01	0.000000e+00	0.000000e+00	0.000000e+00	8.500143e-01
2.324772e-07	8.500000e-01	0.000000e+00	0.000000e+00	0.000000e+00	8.499778e-01
2.337406e-07	8.500000e-01	0.000000e+00	0.000000e+00	0.000000e+00	8.500117e-01
2.362673e-07	8.500000e-01	0.000000e+00	0.000000e+00	0.000000e+00	8.499795e-01
2.400000e-07	8.500000e-01	0.000000e+00	0.000000e+00	0.000000e+00	8.500107e-01
2.400500e-07	8.500000e-01	8.500000e-02	0.000000e+00	0.000000e+00	8.501004e-01
2.401500e-07	8.500000e-01	2.550000e-01	0.000000e+00	0.000000e+00	8.499714e-01
2.402992e-07	8.500000e-01	5.086362e-01	0.000000e+00	0.000000e+00	8.498738e-01
2.404886e-07	8.500000e-01	8.306877e-01	0.000000e+00	0.000000e+00	8.499909e-01
2.405000e-07	8.500000e-01	8.500000e-01	0.000000e+00	0.000000e+00	8.501394e-01
2.405131e-07	8.500000e-01	8.500000e-01	0.000000e+00	0.000000e+00	8.501371e-01
2.405392e-07	8.500000e-01	8.500000e-01	0.000000e+00	0.000000e+00	8.501494e-01
2.405901e-07	8.500000e-01	8.500000e-01	0.000000e+00	0.000000e+00	8.500830e-01
2.406920e-07	8.500000e-01	8.500000e-01	0.000000e+00	0.000000e+00	8.499826e-01
2.408350e-07	8.500000e-01	8.500000e-01	0.000000e+00	0.000000e+00	8.499984e-01
2.411209e-07	8.500000e-01	8.500000e-01	0.000000e+00	0.000000e+00	8.499807e-01
2.416928e-07	8.500000e-01	8.500000e-01	0.000000e+00	0.000000e+00	8.500026e-01
2.428365e-07	8.500000e-01	8.500000e-01	0.000000e+00	0.000000e+00	8.499901e-01
2.450000e-07	8.500000e-01	8.500000e-01	0.000000e+00	2.249931e-14	8.500005e-01
2.450500e-07	8.500000e-01	8.500000e-01	0.000000e+00	8.500000e-02	8.500426e-01
2.451500e-07	8.500000e-01	8.500000e-01	0.000000e+00	2.550000e-01	8.499880e-01
2.452862e-07	8.500000e-01	8.500000e-01	0.000000e+00	4.864967e-01	8.490662e-01
2.454708e-07	8.500000e-01	8.500000e-01	0.000000e+00	8.003486e-01	8.797737e-01
2.455000e-07	8.500000e-01	8.500000e-01	0.000000e+00	8.500000e-01	8.888916e-01
2.455107e-07	8.318615e-01	8.500000e-01	0.000000e+00	8.500000e-01	8.909479e-01
2.455320e-07	7.955844e-01	8.500000e-01	0.000000e+00	8.500000e-01	8.936376e-01
2.455747e-07	7.230302e-01	8.500000e-01	0.000000e+00	8.500000e-01	8.901632e-01
2.456264e-07	6.350976e-01	8.500000e-01	0.000000e+00	8.500000e-01	8.775576e-01
2.456807e-07	5.427733e-01	8.500000e-01	0.000000e+00	8.500000e-01	8.665459e-01
2.457539e-07	4.183760e-01	8.500000e-01	0.000000e+00	8.500000e-01	8.577229e-01
2.458267e-07	2.945474e-01	8.500000e-01	0.000000e+00	8.500000e-01	8.535240e-01
2.459365e-07	1.080149e-01	8.500000e-01	0.000000e+00	8.500000e-01	8.511787e-01
2.460000e-07	0.000000e+00	8.500000e-01	0.000000e+00	8.500000e-01	8.507760e-01
2.460203e-07	0.000000e+00	8.500000e-01	0.000000e+00	8.500000e-01	8.507488e-01
2.460610e-07	0.000000e+00	8.500000e-01	0.000000e+00	8.500000e-01	8.506694e-01
2.461424e-07	0.000000e+00	8.500000e-01	0.000000e+00	8.500000e-01	8.504865e-01
2.463052e-07	0.000000e+00	8.500000e-01	0.000000e+00	8.500000e-01	8.502987e-01
2.466307e-07	0.000000e+00	8.500000e-01	0.000000e+00	8.500000e-01	8.501842e-01
2.472817e-07	0.000000e+00	8.500000e-01	0.000000e+00	8.500000e-01	8.500983e-01
2.485837e-07	0.000000e+00	8.500000e-01	0.000000e+00	8.500000e-01	8.500412e-01
2.505000e-07	0.000000e+00	8.500000e-01	0.000000e+00	8.500000e-01	8.500159e-01
2.505500e-07	0.000000e+00	7.650000e-01	0.000000e+00	8.500000e-01	8.499678e-01
2.506500e-07	0.000000e+00	5.950000e-01	0.000000e+00	8.500000e-01	8.499747e-01
2.508500e-07	0.000000e+00	2.550000e-01	0.000000e+00	8.500000e-01	8.500745e-01
2.510000e-07	0.000000e+00	3.463896e-14	0.000000e+00	8.500000e-01	8.499660e-01
2.510228e-07	0.000000e+00	0.000000e+00	0.000000e+00	8.500000e-01	8.499841e-01
2.510685e-07	0.000000e+00	0.000000e+00	0.000000e+00	8.500000e-01	8.498990e-01
2.511403e-07	0.000000e+00	0.000000e+00	0.000000e+00	8.500000e-01	8.499035e-01
2.512173e-07	0.000000e+00	0.000000e+00	0.000000e+00	8.500000e-01	8.499696e-01
2.513088e-07	0.000000e+00	0.000000e+00	0.000000e+00	8.500000e-01	8.499811e-01
2.514020e-07	0.000000e+00	0.000000e+00	0.000000e+00	8.500000e-01	8.499834e-01
2.515201e-07	0.000000e+00	0.000000e+00	0.000000e+00	8.500000e-01	8.499764e-01
2.517563e-07	0.000000e+00	0.000000e+00	0.000000e+00	8.500000e-01	8.499881e-01
2.522286e-07	0.000000e+00	0.000000e+00	0.000000e+00	8.500000e-01	8.499996e-01
2.531734e-07	0.000000e+00	0.000000e+00	0.000000e+00	8.500000e-01	8.500144e-01
2.550628e-07	0.000000e+00	0.000000e+00	0.000000e+00	8.500000e-01	8.499977e-01
2.588417e-07	0.000000e+00	0.000000e+00	0.000000e+00	8.500000e-01	8.500024e-01
2.600000e-07	0.000000e+00	8.999725e-14	0.000000e+00	8.500000e-01	8.499942e-01
2.600500e-07	0.000000e+00	8.500000e-02	8.500000e-02	8.500000e-01	8.620120e-01
2.601500e-07	0.000000e+00	2.550000e-01	2.550000e-01	8.500000e-01	8.711756e-01
2.602942e-07	0.000000e+00	5.001099e-01	5.001099e-01	8.500000e-01	8.425997e-01
2.604491e-07	0.000000e+00	7.634676e-01	7.634676e-01	8.500000e-01	8.713810e-01
2.605000e-07	0.000000e+00	8.500000e-01	8.500000e-01	8.500000e-01	8.752092e-01
2.605161e-07	0.000000e+00	8.500000e-01	8.500000e-01	8.500000e-01	8.589813e-01
2.605482e-07	0.000000e+00	8.500000e-01	8.500000e-01	8.500000e-01	7.973174e-01
2.606124e-07	0.000000e+00	8.500000e-01	8.500000e-01	8.500000e-01	1.574968e-01
2.606910e-07	0.000000e+00	8.500000e-01	8.500000e-01	8.500000e-01	-1.516896e-02
2.607886e-07	0.000000e+00	8.500000e-01	8.500000e-01	8.500000e-01	1.467836e-02
2.608983e-07	0.000000e+00	8.500000e-01	8.500000e-01	8.500000e-01	-8.279772e-03
2.610228e-07	0.000000e+00	8.500000e-01	8.500000e-01	8.500000e-01	6.254510e-03
2.612648e-07	0.000000e+00	8.500000e-01	8.500000e-01	8.500000e-01	-5.294362e-03
2.615596e-07	0.000000e+00	8.500000e-01	8.500000e-01	8.500000e-01	4.665131e-03
2.621493e-07	0.000000e+00	8.500000e-01	8.500000e-01	8.500000e-01	-4.355873e-03
2.632464e-07	0.000000e+00	8.500000e-01	8.500000e-01	8.500000e-01	4.219134e-03
2.650000e-07	0.000000e+00	8.500000e-01	8.500000e-01	8.500000e-01	-4.115571e-03
2.650500e-07	8.500000e-02	8.500000e-01	8.500000e-01	8.500000e-01	-5.640992e-04
2.651500e-07	2.550000e-01	8.500000e-01	8.500000e-01	8.500000e-01	4.226961e-04
2.653500e-07	5.950000e-01	8.500000e-01	8.500000e-01	8.500000e-01	-2.946097e-04
2.655000e-07	8.500000e-01	8.500000e-01	8.500000e-01	8.500000e-01	2.282577e-04
2.655334e-07	8.500000e-01	8.500000e-01	8.500000e-01	8.500000e-01	-1.318234e-05
2.656003e-07	8.500000e-01	8.500000e-01	8.500000e-01	8.500000e-01	-6.749739e-05
2.657340e-07	8.500000e-01	8.500000e-01	8.500000e-01	8.500000e-01	4.717951e-05
2.660014e-07	8.500000e-01	8.500000e-01	8.500000e-01	8.500000e-01	-3.413820e-05
2.663518e-07	8.500000e-01	8.500000e-01	8.500000e-01	8.500000e-01	3.551670e-05
2.670528e-07	8.500000e-01	8.500000e-01	8.500000e-01	8.500000e-01	-2.778799e-05
2.684546e-07	8.500000e-01	8.500000e-01	8.500000e-01	8.500000e-01	3.262759e-05
2.705000e-07	8.500000e-01	8.500000e-01	8.500000e-01	8.500000e-01	-2.625154e-05
2.705500e-07	8.500000e-01	7.650000e-01	8.500000e-01	8.500000e-01	-5.218215e-05
2.706500e-07	8.500000e-01	5.950000e-01	8.500000e-01	8.500000e-01	3.360178e-05
2.708500e-07	8.500000e-01	2.550000e-01	8.500000e-01	8.500000e-01	1.739136e-05
2.710000e-07	8.500000e-01	3.463896e-14	8.500000e-01	8.500000e-01	1.455565e-04
2.710241e-07	8.500000e-01	0.000000e+00	8.500000e-01	8.500000e-01	-5.709868e-05
2.710723e-07	8.500000e-01	0.000000e+00	8.500000e-01	8.500000e-01	-2.332209e-04
2.711688e-07	8.500000e-01	0.000000e+00	8.500000e-01	8.500000e-01	2.031962e-05
2.713400e-07	8.500000e-01	0.000000e+00	8.500000e-01	8.500000e-01	3.956764e-05
2.715283e-07	8.500000e-01	0.000000e+00	8.500000e-01	8.500000e-01	-4.316791e-06
2.718425e-07	8.500000e-01	0.000000e+00	8.500000e-01	8.500000e-01	1.790972e-06
2.724711e-07	8.500000e-01	0.000000e+00	8.500000e-01	8.500000e-01	6.544946e-06
2.737281e-07	8.500000e-01	0.000000e+00	8.500000e-01	8.500000e-01	-1.785573e-06
2.762422e-07	8.500000e-01	0.000000e+00	8.500000e-01	8.500000e-01	8.013034e-06
2.800000e-07	8.500000e-01	0.000000e+00	8.500000e-01	8.500000e-01	-2.515744e-06
2.800500e-07	8.500000e-01	8.500000e-02	8.500000e-01	8.500000e-01	3.455736e-05
2.801500e-07	8.500000e-01	2.550000e-01	8.500000e-01	8.500000e-01	-1.236175e-05
2.802992e-07	8.500000e-01	5.086806e-01	8.500000e-01	8.500000e-01	-7.178152e-05
2.804888e-07	8.500000e-01	8.308913e-01	8.500000e-01	8.500000e-01	1.128018e-04
2.805000e-07	8.500000e-01	8.500000e-01	8.500000e-01	8.500000e-01	3.015985e-04
2.805131e-07	8.500000e-01	8.500000e-01	8.500000e-01	8.500000e-01	1.156720e-04
2.805392e-07	8.500000e-01	8.500000e-01	8.500000e-01	8.500000e-01	-3.775744e-05
2.805900e-07	8.500000e-01	8.500000e-01	8.500000e-01	8.500000e-01	-6.323076e-06
2.806917e-07	8.500000e-01	8.500000e-01	8.500000e-01	8.500000e-01	-3.886388e-05
2.808351e-07	8.500000e-01	8.500000e-01	8.500000e-01	8.500000e-01	2.795910e-05
2.811219e-07	8.500000e-01	8.500000e-01	8.500000e-01	8.500000e-01	-1.741997e-05
2.816955e-07	8.500000e-01	8.500000e-01	8.500000e-01	8.500000e-01	2.157038e-05
2.828428e-07	8.500000e-01	8.500000e-01	8.500000e-01	8.500000e-01	-1.506904e-05
2.851373e-07	8.500000e-01	8.500000e-01	8.500000e-01	8.500000e-01	2.047930e-05
2.855000e-07	8.500000e-01	8.500000e-01	8.500000e-01	8.500000e-01	-1.267012e-05
2.855500e-07	7.650000e-01	8.500000e-01	8.500000e-01	8.500000e-01	-7.580039e-05
2.856500e-07	5.950000e-01	8.500000e-01	8.500000e-01	8.500000e-01	7.331607e-06
2.858500e-07	2.550000e-01	8.500000e-01	8.500000e-01	8.500000e-01	-3.226804e-06
2.860000e-07	2.053913e-14	8.500000e-01	8.500000e-01	8.500000e-01	5.781491e-05
2.860279e-07	0.000000e+00	8.500000e-01	8.500000e-01	8.500000e-01	2.315377e-05
2.860838e-07	0.000000e+00	8.500000e-01	8.500000e-01	8.500000e-01	-1.024689e-05
2.861955e-07	0.000000e+00	8.500000e-01	8.500000e-01	8.500000e-01	1.188355e-05
2.864190e-07	0.000000e+00	8.500000e-01	8.500000e-01	8.500000e-01	-1.041382e-05
2.867337e-07	0.000000e+00	8.500000e-01	8.500000e-01	8.500000e-01	1.105373e-05
2.873631e-07	0.000000e+00	8.500000e-01	8.500000e-01	8.500000e-01	-9.808206e-06
2.886219e-07	0.000000e+00	8.500000e-01	8.500000e-01	8.500000e-01	1.069887e-05
2.905000e-07	0.000000e+00	8.500000e-01	8.500000e-01	8.500000e-01	-9.609755e-06
2.905500e-07	0.000000e+00	7.650000e-01	8.500000e-01	8.500000e-01	-5.031992e-05
2.906500e-07	0.000000e+00	5.950000e-01	8.500000e-01	8.500000e-01	2.879472e-05
2.908500e-07	0.000000e+00	2.550000e-01	8.500000e-01	8.500000e-01	1.675634e-05
2.910000e-07	0.000000e+00	3.463896e-14	8.500000e-01	8.500000e-01	1.423658e-04
2.910241e-07	0.000000e+00	0.000000e+00	8.500000e-01	8.500000e-01	-6.253489e-05
2.910724e-07	0.000000e+00	0.000000e+00	8.500000e-01	8.500000e-01	-2.344290e-04
2.911688e-07	0.000000e+00	0.000000e+00	8.500000e-01	8.500000e-01	1.700708e-05
2.913400e-07	0.000000e+00	0.000000e+00	8.500000e-01	8.500000e-01	3.777751e-05
2.915283e-07	0.000000e+00	0.000000e+00	8.500000e-01	8.500000e-01	-7.078743e-06
2.918426e-07	0.000000e+00	0.000000e+00	8.500000e-01	8.500000e-01	-2.268094e-07
2.924712e-07	0.000000e+00	0.000000e+00	8.500000e-01	8.500000e-01	3.831826e-06
2.937283e-07	0.000000e+00	0.000000e+00	8.500000e-01	8.500000e-01	-3.856821e-06
2.955000e-07	0.000000e+00	0.000000e+00	8.500000e-01	8.500000e-01	5.499736e-06
2.955500e-07	0.000000e+00	0.000000e+00	8.500000e-01	7.650000e-01	-1.954984e-06
2.956500e-07	0.000000e+00	0.000000e+00	8.500000e-01	5.950000e-01	-1.084602e-07
2.958500e-07	0.000000e+00	0.000000e+00	8.500000e-01	2.550000e-01	3.473782e-07
2.960000e-07	0.000000e+00	0.000000e+00	8.500000e-01	3.741452e-14	-4.507046e-06
2.960208e-07	0.000000e+00	0.000000e+00	8.500000e-01	0.000000e+00	4.832536e-06
2.960623e-07	0.000000e+00	0.000000e+00	8.500000e-01	0.000000e+00	6.375756e-06
2.961454e-07	0.000000e+00	0.000000e+00	8.500000e-01	0.000000e+00	-1.604491e-06
2.963115e-07	0.000000e+00	0.000000e+00	8.500000e-01	0.000000e+00	2.324142e-06
2.964672e-07	0.000000e+00	0.000000e+00	8.500000e-01	0.000000e+00	-7.692226e-07
2.967787e-07	0.000000e+00	0.000000e+00	8.500000e-01	0.000000e+00	1.661151e-06
2.974016e-07	0.000000e+00	0.000000e+00	8.500000e-01	0.000000e+00	-5.247289e-07
2.986475e-07	0.000000e+00	0.000000e+00	8.500000e-01	0.000000e+00	1.472836e-06
3.000000e-07	0.000000e+00	8.999725e-14	8.500000e-01	0.000000e+00	-4.096207e-07
